14	-1	-0.07
23	-2	-0.11
30	-3	-0.14
36	-4	-0.17
43	-5	-0.14
48	-6	-0.20
53	-7	-0.20
58	-8	-0.20
62	-9	-0.25
67	-10	-0.20
71	-11	-0.25
75	-12	-0.25
80	-13	-0.20
84	-14	-0.25
89	-15	-0.20
93	-16	-0.25
97	-17	-0.25
100	-18	-0.33
104	-19	-0.25
108	-20	-0.25
111	-21	-0.33
115	-22	-0.25
118	-23	-0.33
122	-24	-0.25
126	-25	-0.25
130	-26	-0.25
134	-27	-0.25
137	-28	-0.33
141	-29	-0.25
144	-30	-0.33
147	-31	-0.33
151	-32	-0.25
154	-33	-0.33
157	-34	-0.33
161	-35	-0.25
164	-36	-0.33
167	-37	-0.33
171	-38	-0.25
175	-39	-0.25
178	-40	-0.33
181	-41	-0.33
185	-42	-0.25
188	-43	-0.33
191	-44	-0.33
194	-45	-0.33
197	-46	-0.33
201	-47	-0.25
204	-48	-0.33
207	-49	-0.33
210	-50	-0.33
215	-51	-0.20
218	-52	-0.33
221	-53	-0.33
224	-54	-0.33
227	-55	-0.33
230	-56	-0.33
233	-57	-0.33
237	-58	-0.25
240	-59	-0.33
243	-60	-0.33
246	-61	-0.33
249	-62	-0.33
252	-63	-0.33
257	-64	-0.20
260	-65	-0.33
263	-66	-0.33
266	-67	-0.33
269	-68	-0.33
272	-69	-0.33
275	-70	-0.33
278	-71	-0.33
281	-72	-0.33
284	-73	-0.33
287	-74	-0.33
291	-75	-0.25
294	-76	-0.33
297	-77	-0.33
301	-78	-0.25
304	-79	-0.33
307	-80	-0.33
310	-81	-0.33
313	-82	-0.33
316	-83	-0.33
319	-84	-0.33
322	-85	-0.33
325	-86	-0.33
329	-87	-0.25
332	-88	-0.33
335	-89	-0.33
338	-90	-0.33
342	-91	-0.25
345	-92	-0.33
348	-93	-0.33
351	-94	-0.33
354	-95	-0.33
357	-96	-0.33
360	-97	-0.33
363	-98	-0.33
366	-99	-0.33
369	-100	-0.33
372	-101	-0.33
375	-102	-0.33
378	-103	-0.33
381	-104	-0.33
385	-105	-0.25
388	-106	-0.33
391	-107	-0.33
394	-108	-0.33
398	-109	-0.25
401	-110	-0.33
404	-111	-0.33
407	-112	-0.33
410	-113	-0.33
413	-114	-0.33
416	-115	-0.33
419	-116	-0.33
422	-117	-0.33
425	-118	-0.33
429	-119	-0.25
432	-120	-0.33
435	-121	-0.33
438	-122	-0.33
441	-123	-0.33
444	-124	-0.33
447	-125	-0.33
450	-126	-0.33
453	-127	-0.33
456	-128	-0.33
459	-129	-0.33
462	-130	-0.33
465	-131	-0.33
468	-132	-0.33
472	-133	-0.25
475	-134	-0.33
479	-135	-0.25
482	-136	-0.33
485	-137	-0.33
488	-138	-0.33
491	-139	-0.33
494	-140	-0.33
497	-141	-0.33
500	-142	-0.33
503	-143	-0.33
506	-144	-0.33
509	-145	-0.33
513	-146	-0.25
516	-147	-0.33
519	-148	-0.33
522	-149	-0.33
525	-150	-0.33
528	-151	-0.33
531	-152	-0.33
534	-153	-0.33
537	-154	-0.33
540	-155	-0.33
543	-156	-0.33
546	-157	-0.33
549	-158	-0.33
552	-159	-0.33
556	-160	-0.25
559	-161	-0.33
562	-162	-0.33
565	-163	-0.33
568	-164	-0.33
571	-165	-0.33
574	-166	-0.33
577	-167	-0.33
580	-168	-0.33
583	-169	-0.33
586	-170	-0.33
589	-171	-0.33
592	-172	-0.33
595	-173	-0.33
599	-174	-0.25
602	-175	-0.33
605	-176	-0.33
608	-177	-0.33
611	-178	-0.33
614	-179	-0.33
617	-180	-0.33
620	-181	-0.33
623	-182	-0.33
626	-183	-0.33
630	-184	-0.25
633	-185	-0.33
636	-186	-0.33
640	-187	-0.25
643	-188	-0.33
646	-189	-0.33
649	-190	-0.33
652	-191	-0.33
655	-192	-0.33
658	-193	-0.33
661	-194	-0.33
664	-195	-0.33
667	-196	-0.33
670	-197	-0.33
673	-198	-0.33
676	-199	-0.33
679	-200	-0.33
683	-201	-0.25
686	-202	-0.33
689	-203	-0.33
692	-204	-0.33
695	-205	-0.33
698	-206	-0.33
701	-207	-0.33
704	-208	-0.33
707	-209	-0.33
710	-210	-0.33
713	-211	-0.33
716	-212	-0.33
719	-213	-0.33
722	-214	-0.33
726	-215	-0.25
729	-216	-0.33
732	-217	-0.33
735	-218	-0.33
738	-219	-0.33
741	-220	-0.33
744	-221	-0.33
747	-222	-0.33
750	-223	-0.33
753	-224	-0.33
756	-225	-0.33
759	-226	-0.33
762	-227	-0.33
765	-228	-0.33
769	-229	-0.25
772	-230	-0.33
775	-231	-0.33
778	-232	-0.33
781	-233	-0.33
784	-234	-0.33
787	-235	-0.33
790	-236	-0.33
793	-237	-0.33
796	-238	-0.33
799	-239	-0.33
802	-240	-0.33
805	-241	-0.33
808	-242	-0.33
812	-243	-0.25
815	-244	-0.33
818	-245	-0.33
821	-246	-0.33
824	-247	-0.33
827	-248	-0.33
830	-249	-0.33
833	-250	-0.33
836	-251	-0.33
839	-252	-0.33
842	-253	-0.33
845	-254	-0.33
848	-255	-0.33
852	-256	-0.25
856	-257	-0.25
859	-258	-0.33
862	-259	-0.33
865	-260	-0.33
867	-261	-0.50
871	-262	-0.25
874	-263	-0.33
877	-264	-0.33
880	-265	-0.33
883	-266	-0.33
886	-267	-0.33
889	-268	-0.33
892	-269	-0.33
896	-270	-0.25
899	-271	-0.33
902	-272	-0.33
905	-273	-0.33
908	-274	-0.33
911	-275	-0.33
914	-276	-0.33
917	-277	-0.33
920	-278	-0.33
923	-279	-0.33
926	-280	-0.33
929	-281	-0.33
932	-282	-0.33
935	-283	-0.33
939	-284	-0.25
942	-285	-0.33
945	-286	-0.33
948	-287	-0.33
951	-288	-0.33
954	-289	-0.33
957	-290	-0.33
960	-291	-0.33
963	-292	-0.33
966	-293	-0.33
969	-294	-0.33
972	-295	-0.33
975	-296	-0.33
978	-297	-0.33
982	-298	-0.25
985	-299	-0.33
988	-300	-0.33
991	-301	-0.33
994	-302	-0.33
997	-303	-0.33
1000	-304	-0.33
1003	-305	-0.33
1006	-306	-0.33
1009	-307	-0.33
1012	-308	-0.33
1014	-309	-0.50
1017	-310	-0.33
1020	-311	-0.33
1024	-312	-0.25
1027	-313	-0.33
1030	-314	-0.33
1033	-315	-0.33
1036	-316	-0.33
1039	-317	-0.33
1042	-318	-0.33
1045	-319	-0.33
1048	-320	-0.33
1051	-321	-0.33
1054	-322	-0.33
1057	-323	-0.33
1060	-324	-0.33
1063	-325	-0.33
1067	-326	-0.25
1070	-327	-0.33
1073	-328	-0.33
1076	-329	-0.33
1079	-330	-0.33
1082	-331	-0.33
1085	-332	-0.33
1088	-333	-0.33
1091	-334	-0.33
1094	-335	-0.33
1097	-336	-0.33
1100	-337	-0.33
1103	-338	-0.33
1106	-339	-0.33
1110	-340	-0.25
1113	-341	-0.33
1116	-342	-0.33
1119	-343	-0.33
1122	-344	-0.33
1125	-345	-0.33
1128	-346	-0.33
1131	-347	-0.33
1134	-348	-0.33
1137	-349	-0.33
1140	-350	-0.33
1143	-351	-0.33
1146	-352	-0.33
1149	-353	-0.33
1153	-354	-0.25
1155	-355	-0.50
1158	-356	-0.33
1161	-357	-0.33
1164	-358	-0.33
1167	-359	-0.33
1170	-360	-0.33
1173	-361	-0.33
1176	-362	-0.33
1179	-363	-0.33
1182	-364	-0.33
1185	-365	-0.33
1188	-366	-0.33
1191	-367	-0.33
1195	-368	-0.25
1198	-369	-0.33
1201	-370	-0.33
1204	-371	-0.33
1207	-372	-0.33
1210	-373	-0.33
1213	-374	-0.33
1216	-375	-0.33
1219	-376	-0.33
1222	-377	-0.33
1225	-378	-0.33
1228	-379	-0.33
1231	-380	-0.33
1234	-381	-0.33
1238	-382	-0.25
1241	-383	-0.33
1244	-384	-0.33
1247	-385	-0.33
1250	-386	-0.33
1253	-387	-0.33
1256	-388	-0.33
1259	-389	-0.33
1262	-390	-0.33
1265	-391	-0.33
1268	-392	-0.33
1271	-393	-0.33
1274	-394	-0.33
1277	-395	-0.33
1281	-396	-0.25
1284	-397	-0.33
1287	-398	-0.33
1290	-399	-0.33
1293	-400	-0.33
1296	-401	-0.33
1299	-402	-0.33
1302	-403	-0.33
1305	-404	-0.33
1308	-405	-0.33
1311	-406	-0.33
1314	-407	-0.33
1317	-408	-0.33
1320	-409	-0.33
1324	-410	-0.25
1327	-411	-0.33
1330	-412	-0.33
1333	-413	-0.33
1336	-414	-0.33
1339	-415	-0.33
1342	-416	-0.33
1345	-417	-0.33
1348	-418	-0.33
1351	-419	-0.33
1354	-420	-0.33
1357	-421	-0.33
1360	-422	-0.33
1363	-423	-0.33
1367	-424	-0.25
1370	-425	-0.33
1373	-426	-0.33
1376	-427	-0.33
1379	-428	-0.33
1381	-429	-0.50
1384	-430	-0.33
1387	-431	-0.33
1390	-432	-0.33
1393	-433	-0.33
1396	-434	-0.33
1399	-435	-0.33
1403	-436	-0.25
1406	-437	-0.33
1409	-438	-0.33
1412	-439	-0.33
1415	-440	-0.33
1418	-441	-0.33
1421	-442	-0.33
1424	-443	-0.33
1427	-444	-0.33
1430	-445	-0.33
1433	-446	-0.33
1436	-447	-0.33
1439	-448	-0.33
1442	-449	-0.33
1445	-450	-0.33
1448	-451	-0.33
1452	-452	-0.25
1455	-453	-0.33
1458	-454	-0.33
1461	-455	-0.33
1464	-456	-0.33
1467	-457	-0.33
1470	-458	-0.33
1473	-459	-0.33
1476	-460	-0.33
1479	-461	-0.33
1482	-462	-0.33
1485	-463	-0.33
1488	-464	-0.33
1491	-465	-0.33
1495	-466	-0.25
1498	-467	-0.33
1501	-468	-0.33
1504	-469	-0.33
1507	-470	-0.33
1510	-471	-0.33
1513	-472	-0.33
1516	-473	-0.33
1519	-474	-0.33
1522	-475	-0.33
1525	-476	-0.33
1528	-477	-0.33
1531	-478	-0.33
1534	-479	-0.33
1538	-480	-0.25
1541	-481	-0.33
1544	-482	-0.33
1547	-483	-0.33
1550	-484	-0.33
1553	-485	-0.33
1556	-486	-0.33
1559	-487	-0.33
1562	-488	-0.33
1565	-489	-0.33
1568	-490	-0.33
1571	-491	-0.33
1574	-492	-0.33
1577	-493	-0.33
1581	-494	-0.25
1584	-495	-0.33
1587	-496	-0.33
1590	-497	-0.33
1593	-498	-0.33
1596	-499	-0.33
1599	-500	-0.33
1602	-501	-0.33
1605	-502	-0.33
1608	-503	-0.33
1611	-504	-0.33
1614	-505	-0.33
1617	-506	-0.33
1620	-507	-0.33
1624	-508	-0.25
1627	-509	-0.33
1630	-510	-0.33
1632	-511	-0.50
1635	-512	-0.33
1638	-513	-0.33
1641	-514	-0.33
1644	-515	-0.33
1647	-516	-0.33
1650	-517	-0.33
1653	-518	-0.33
1656	-519	-0.33
1659	-520	-0.33
1662	-521	-0.33
1666	-522	-0.25
1669	-523	-0.33
1672	-524	-0.33
1675	-525	-0.33
1678	-526	-0.33
1681	-527	-0.33
1684	-528	-0.33
1687	-529	-0.33
1690	-530	-0.33
1693	-531	-0.33
1696	-532	-0.33
1699	-533	-0.33
1702	-534	-0.33
1705	-535	-0.33
1709	-536	-0.25
1712	-537	-0.33
1715	-538	-0.33
1718	-539	-0.33
1721	-540	-0.33
1724	-541	-0.33
1727	-542	-0.33
1730	-543	-0.33
1733	-544	-0.33
1736	-545	-0.33
1739	-546	-0.33
1742	-547	-0.33
1745	-548	-0.33
1748	-549	-0.33
1752	-550	-0.25
1755	-551	-0.33
1758	-552	-0.33
1761	-553	-0.33
1764	-554	-0.33
1767	-555	-0.33
1770	-556	-0.33
1773	-557	-0.33
1776	-558	-0.33
1779	-559	-0.33
1782	-560	-0.33
1785	-561	-0.33
1788	-562	-0.33
1792	-563	-0.25
1795	-564	-0.33
1798	-565	-0.33
1801	-566	-0.33
1804	-567	-0.33
1807	-568	-0.33
1810	-569	-0.33
1813	-570	-0.33
1816	-571	-0.33
1819	-572	-0.33
1822	-573	-0.33
1825	-574	-0.33
1828	-575	-0.33
1831	-576	-0.33
1835	-577	-0.25
1838	-578	-0.33
1841	-579	-0.33
1844	-580	-0.33
1847	-581	-0.33
1850	-582	-0.33
1853	-583	-0.33
1856	-584	-0.33
1859	-585	-0.33
1862	-586	-0.33
1865	-587	-0.33
1868	-588	-0.33
1871	-589	-0.33
1874	-590	-0.33
1878	-591	-0.25
1881	-592	-0.33
1884	-593	-0.33
1887	-594	-0.33
1890	-595	-0.33
1892	-596	-0.50
1895	-597	-0.33
1898	-598	-0.33
1901	-599	-0.33
1904	-600	-0.33
1907	-601	-0.33
1910	-602	-0.33
1913	-603	-0.33
1916	-604	-0.33
1920	-605	-0.25
1923	-606	-0.33
1926	-607	-0.33
1929	-608	-0.33
1932	-609	-0.33
1935	-610	-0.33
1938	-611	-0.33
1941	-612	-0.33
1944	-613	-0.33
1947	-614	-0.33
1950	-615	-0.33
1953	-616	-0.33
1956	-617	-0.33
1959	-618	-0.33
1963	-619	-0.25
1966	-620	-0.33
1969	-621	-0.33
1972	-622	-0.33
1975	-623	-0.33
1978	-624	-0.33
1981	-625	-0.33
1984	-626	-0.33
1987	-627	-0.33
1990	-628	-0.33
1993	-629	-0.33
1996	-630	-0.33
1999	-631	-0.33
2002	-632	-0.33
2006	-633	-0.25
2009	-634	-0.33
2012	-635	-0.33
2015	-636	-0.33
2018	-637	-0.33
2021	-638	-0.33
2024	-639	-0.33
2027	-640	-0.33
2030	-641	-0.33
2033	-642	-0.33
2036	-643	-0.33
2039	-644	-0.33
2042	-645	-0.33
2045	-646	-0.33
2049	-647	-0.25
2052	-648	-0.33
2055	-649	-0.33
2058	-650	-0.33
2061	-651	-0.33
2064	-652	-0.33
2067	-653	-0.33
2070	-654	-0.33
2073	-655	-0.33
2076	-656	-0.33
2079	-657	-0.33
2082	-658	-0.33
2085	-659	-0.33
2088	-660	-0.33
2092	-661	-0.25
2095	-662	-0.33
2098	-663	-0.33
2101	-664	-0.33
2104	-665	-0.33
2107	-666	-0.33
2110	-667	-0.33
2113	-668	-0.33
2116	-669	-0.33
2119	-670	-0.33
2122	-671	-0.33
2125	-672	-0.33
2128	-673	-0.33
2130	-674	-0.50
2135	-675	-0.20
2138	-676	-0.33
2141	-677	-0.33
2144	-678	-0.33
2146	-679	-0.50
2149	-680	-0.33
2152	-681	-0.33
2155	-682	-0.33
2158	-683	-0.33
2161	-684	-0.33
2164	-685	-0.33
2167	-686	-0.33
2170	-687	-0.33
2173	-688	-0.33
2177	-689	-0.25
2180	-690	-0.33
2183	-691	-0.33
2186	-692	-0.33
2189	-693	-0.33
2192	-694	-0.33
2195	-695	-0.33
2198	-696	-0.33
2201	-697	-0.33
2204	-698	-0.33
2207	-699	-0.33
2210	-700	-0.33
2213	-701	-0.33
2216	-702	-0.33
2220	-703	-0.25
2223	-704	-0.33
2226	-705	-0.33
2229	-706	-0.33
2232	-707	-0.33
2235	-708	-0.33
2238	-709	-0.33
2241	-710	-0.33
2244	-711	-0.33
2247	-712	-0.33
2250	-713	-0.33
2253	-714	-0.33
2256	-715	-0.33
2259	-716	-0.33
2263	-717	-0.25
2266	-718	-0.33
2269	-719	-0.33
2272	-720	-0.33
2275	-721	-0.33
2278	-722	-0.33
2281	-723	-0.33
2284	-724	-0.33
2287	-725	-0.33
2290	-726	-0.33
2293	-727	-0.33
2296	-728	-0.33
2299	-729	-0.33
2302	-730	-0.33
2306	-731	-0.25
2309	-732	-0.33
2312	-733	-0.33
2315	-734	-0.33
2318	-735	-0.33
2321	-736	-0.33
2324	-737	-0.33
2327	-738	-0.33
2330	-739	-0.33
2333	-740	-0.33
2336	-741	-0.33
2339	-742	-0.33
2342	-743	-0.33
2345	-744	-0.33
2349	-745	-0.25
2352	-746	-0.33
2355	-747	-0.33
2358	-748	-0.33
2361	-749	-0.33
2364	-750	-0.33
2367	-751	-0.33
2370	-752	-0.33
2373	-753	-0.33
2376	-754	-0.33
2379	-755	-0.33
2382	-756	-0.33
2385	-757	-0.33
2388	-758	-0.33
2392	-759	-0.25
2395	-760	-0.33
2398	-761	-0.33
2401	-762	-0.33
2404	-763	-0.33
2407	-764	-0.33
2409	-765	-0.50
2412	-766	-0.33
2415	-767	-0.33
2418	-768	-0.33
2421	-769	-0.33
2424	-770	-0.33
2427	-771	-0.33
2432	-772	-0.20
2435	-773	-0.33
2438	-774	-0.33
2440	-775	-0.50
2443	-776	-0.33
2446	-777	-0.33
2449	-778	-0.33
2452	-779	-0.33
2455	-780	-0.33
2458	-781	-0.33
2461	-782	-0.33
2464	-783	-0.33
2467	-784	-0.33
2470	-785	-0.33
2473	-786	-0.33
2477	-787	-0.25
2480	-788	-0.33
2483	-789	-0.33
2486	-790	-0.33
2489	-791	-0.33
2492	-792	-0.33
2495	-793	-0.33
2498	-794	-0.33
2501	-795	-0.33
2504	-796	-0.33
2507	-797	-0.33
2510	-798	-0.33
2513	-799	-0.33
2516	-800	-0.33
2520	-801	-0.25
2523	-802	-0.33
2526	-803	-0.33
2529	-804	-0.33
2532	-805	-0.33
2535	-806	-0.33
2538	-807	-0.33
2541	-808	-0.33
2544	-809	-0.33
2547	-810	-0.33
2550	-811	-0.33
2553	-812	-0.33
2556	-813	-0.33
2560	-814	-0.25
2563	-815	-0.33
2566	-816	-0.33
2569	-817	-0.33
2572	-818	-0.33
2575	-819	-0.33
2578	-820	-0.33
2581	-821	-0.33
2584	-822	-0.33
2587	-823	-0.33
2590	-824	-0.33
2593	-825	-0.33
2596	-826	-0.33
2599	-827	-0.33
2603	-828	-0.25
2606	-829	-0.33
2609	-830	-0.33
2612	-831	-0.33
2615	-832	-0.33
2618	-833	-0.33
2621	-834	-0.33
2624	-835	-0.33
2627	-836	-0.33
2630	-837	-0.33
2633	-838	-0.33
2636	-839	-0.33
2639	-840	-0.33
2642	-841	-0.33
2646	-842	-0.25
2649	-843	-0.33
2652	-844	-0.33
2655	-845	-0.33
2658	-846	-0.33
2661	-847	-0.33
2663	-848	-0.50
2666	-849	-0.33
2669	-850	-0.33
2672	-851	-0.33
2675	-852	-0.33
2678	-853	-0.33
2681	-854	-0.33
2684	-855	-0.33
2689	-856	-0.20
2692	-857	-0.33
2695	-858	-0.33
2697	-859	-0.50
2700	-860	-0.33
2703	-861	-0.33
2706	-862	-0.33
2709	-863	-0.33
2712	-864	-0.33
2715	-865	-0.33
2718	-866	-0.33
2721	-867	-0.33
2724	-868	-0.33
2727	-869	-0.33
2731	-870	-0.25
2734	-871	-0.33
2737	-872	-0.33
2740	-873	-0.33
2743	-874	-0.33
2746	-875	-0.33
2749	-876	-0.33
2752	-877	-0.33
2755	-878	-0.33
2758	-879	-0.33
2761	-880	-0.33
2764	-881	-0.33
2767	-882	-0.33
2770	-883	-0.33
2774	-884	-0.25
2777	-885	-0.33
2780	-886	-0.33
2783	-887	-0.33
2786	-888	-0.33
2789	-889	-0.33
2792	-890	-0.33
2795	-891	-0.33
2798	-892	-0.33
2801	-893	-0.33
2804	-894	-0.33
2807	-895	-0.33
2810	-896	-0.33
2813	-897	-0.33
2817	-898	-0.25
2820	-899	-0.33
2823	-900	-0.33
2826	-901	-0.33
2829	-902	-0.33
2832	-903	-0.33
2835	-904	-0.33
2838	-905	-0.33
2841	-906	-0.33
2844	-907	-0.33
2847	-908	-0.33
2850	-909	-0.33
2853	-910	-0.33
2856	-911	-0.33
2860	-912	-0.25
2863	-913	-0.33
2866	-914	-0.33
2869	-915	-0.33
2872	-916	-0.33
2875	-917	-0.33
2878	-918	-0.33
2881	-919	-0.33
2884	-920	-0.33
2887	-921	-0.33
2890	-922	-0.33
2893	-923	-0.33
2896	-924	-0.33
2899	-925	-0.33
2903	-926	-0.25
2906	-927	-0.33
2909	-928	-0.33
2912	-929	-0.33
2915	-930	-0.33
2918	-931	-0.33
2921	-932	-0.33
2923	-933	-0.50
2926	-934	-0.33
2930	-935	-0.25
2933	-936	-0.33
2936	-937	-0.33
2939	-938	-0.33
2942	-939	-0.33
2946	-940	-0.25
2949	-941	-0.33
2952	-942	-0.33
2955	-943	-0.33
2957	-944	-0.50
2960	-945	-0.33
2963	-946	-0.33
2966	-947	-0.33
2969	-948	-0.33
2972	-949	-0.33
2975	-950	-0.33
2978	-951	-0.33
2981	-952	-0.33
2985	-953	-0.25
2988	-954	-0.33
2991	-955	-0.33
2994	-956	-0.33
2997	-957	-0.33
3000	-958	-0.33
3003	-959	-0.33
3006	-960	-0.33
3009	-961	-0.33
3012	-962	-0.33
3015	-963	-0.33
3018	-964	-0.33
3021	-965	-0.33
3024	-966	-0.33
3027	-967	-0.33
3031	-968	-0.25
3034	-969	-0.33
3037	-970	-0.33
3040	-971	-0.33
3043	-972	-0.33
3046	-973	-0.33
3049	-974	-0.33
3052	-975	-0.33
3055	-976	-0.33
3058	-977	-0.33
3061	-978	-0.33
3064	-979	-0.33
3067	-980	-0.33
3070	-981	-0.33
3074	-982	-0.25
3077	-983	-0.33
3080	-984	-0.33
3083	-985	-0.33
3086	-986	-0.33
3089	-987	-0.33
3092	-988	-0.33
3095	-989	-0.33
3098	-990	-0.33
3101	-991	-0.33
3104	-992	-0.33
3107	-993	-0.33
3110	-994	-0.33
3113	-995	-0.33
3117	-996	-0.25
3120	-997	-0.33
3123	-998	-0.33
3126	-999	-0.33
3129	-1000	-0.33
3132	-1001	-0.33
3135	-1002	-0.33
3138	-1003	-0.33
3141	-1004	-0.33
3144	-1005	-0.33
3147	-1006	-0.33
3150	-1007	-0.33
3153	-1008	-0.33
3156	-1009	-0.33
3160	-1010	-0.25
3163	-1011	-0.33
3166	-1012	-0.33
3169	-1013	-0.33
3172	-1014	-0.33
3175	-1015	-0.33
3178	-1016	-0.33
3180	-1017	-0.50
3183	-1018	-0.33
3186	-1019	-0.33
3190	-1020	-0.25
3193	-1021	-0.33
3195	-1022	-0.50
3200	-1023	-0.20
3203	-1024	-0.33
3206	-1025	-0.33
3209	-1026	-0.33
3211	-1027	-0.50
3214	-1028	-0.33
3217	-1029	-0.33
3220	-1030	-0.33
3223	-1031	-0.33
3226	-1032	-0.33
3229	-1033	-0.33
3232	-1034	-0.33
3235	-1035	-0.33
3238	-1036	-0.33
3241	-1037	-0.33
3245	-1038	-0.25
3248	-1039	-0.33
3251	-1040	-0.33
3254	-1041	-0.33
3257	-1042	-0.33
3260	-1043	-0.33
3263	-1044	-0.33
3266	-1045	-0.33
3269	-1046	-0.33
3272	-1047	-0.33
3275	-1048	-0.33
3278	-1049	-0.33
3281	-1050	-0.33
3284	-1051	-0.33
3288	-1052	-0.25
3291	-1053	-0.33
3294	-1054	-0.33
3297	-1055	-0.33
3300	-1056	-0.33
3303	-1057	-0.33
3306	-1058	-0.33
3309	-1059	-0.33
3312	-1060	-0.33
3315	-1061	-0.33
3318	-1062	-0.33
3321	-1063	-0.33
3324	-1064	-0.33
3328	-1065	-0.25
3331	-1066	-0.33
3334	-1067	-0.33
3337	-1068	-0.33
3340	-1069	-0.33
3343	-1070	-0.33
3346	-1071	-0.33
3349	-1072	-0.33
3352	-1073	-0.33
3355	-1074	-0.33
3358	-1075	-0.33
3361	-1076	-0.33
3364	-1077	-0.33
3367	-1078	-0.33
3371	-1079	-0.25
3374	-1080	-0.33
3377	-1081	-0.33
3380	-1082	-0.33
3383	-1083	-0.33
3386	-1084	-0.33
3389	-1085	-0.33
3392	-1086	-0.33
3395	-1087	-0.33
3398	-1088	-0.33
3401	-1089	-0.33
3404	-1090	-0.33
3407	-1091	-0.33
3410	-1092	-0.33
3414	-1093	-0.25
3417	-1094	-0.33
3420	-1095	-0.33
3423	-1096	-0.33
3426	-1097	-0.33
3429	-1098	-0.33
3432	-1099	-0.33
3435	-1100	-0.33
3438	-1101	-0.33
3441	-1102	-0.33
3444	-1103	-0.33
3447	-1104	-0.33
3450	-1105	-0.33
3453	-1106	-0.33
3457	-1107	-0.25
3460	-1108	-0.33
3463	-1109	-0.33
3466	-1110	-0.33
3469	-1111	-0.33
3471	-1112	-0.50
3474	-1113	-0.33
3477	-1114	-0.33
3480	-1115	-0.33
3483	-1116	-0.33
3486	-1117	-0.33
3489	-1118	-0.33
3492	-1119	-0.33
3495	-1120	-0.33
3499	-1121	-0.25
3502	-1122	-0.33
3505	-1123	-0.33
3508	-1124	-0.33
3511	-1125	-0.33
3514	-1126	-0.33
3517	-1127	-0.33
3520	-1128	-0.33
3523	-1129	-0.33
3526	-1130	-0.33
3529	-1131	-0.33
3532	-1132	-0.33
3535	-1133	-0.33
3538	-1134	-0.33
3542	-1135	-0.25
3545	-1136	-0.33
3548	-1137	-0.33
3551	-1138	-0.33
3554	-1139	-0.33
3557	-1140	-0.33
3560	-1141	-0.33
3563	-1142	-0.33
3566	-1143	-0.33
3569	-1144	-0.33
3572	-1145	-0.33
3575	-1146	-0.33
3578	-1147	-0.33
3581	-1148	-0.33
3585	-1149	-0.25
3588	-1150	-0.33
3591	-1151	-0.33
3594	-1152	-0.33
3597	-1153	-0.33
3600	-1154	-0.33
3603	-1155	-0.33
3606	-1156	-0.33
3609	-1157	-0.33
3612	-1158	-0.33
3615	-1159	-0.33
3618	-1160	-0.33
3621	-1161	-0.33
3624	-1162	-0.33
3628	-1163	-0.25
3631	-1164	-0.33
3634	-1165	-0.33
3637	-1166	-0.33
3640	-1167	-0.33
3643	-1168	-0.33
3646	-1169	-0.33
3649	-1170	-0.33
3652	-1171	-0.33
3655	-1172	-0.33
3658	-1173	-0.33
3661	-1174	-0.33
3664	-1175	-0.33
3667	-1176	-0.33
3671	-1177	-0.25
3674	-1178	-0.33
3677	-1179	-0.33
3680	-1180	-0.33
3683	-1181	-0.33
3686	-1182	-0.33
3689	-1183	-0.33
3692	-1184	-0.33
3695	-1185	-0.33
3698	-1186	-0.33
3701	-1187	-0.33
3704	-1188	-0.33
3707	-1189	-0.33
3710	-1190	-0.33
3714	-1191	-0.25
3717	-1192	-0.33
3720	-1193	-0.33
3723	-1194	-0.33
3725	-1195	-0.50
3728	-1196	-0.33
3731	-1197	-0.33
3734	-1198	-0.33
3737	-1199	-0.33
3740	-1200	-0.33
3743	-1201	-0.33
3746	-1202	-0.33
3749	-1203	-0.33
3752	-1204	-0.33
3756	-1205	-0.25
3759	-1206	-0.33
3762	-1207	-0.33
3765	-1208	-0.33
3768	-1209	-0.33
3771	-1210	-0.33
3774	-1211	-0.33
3777	-1212	-0.33
3780	-1213	-0.33
3783	-1214	-0.33
3786	-1215	-0.33
3789	-1216	-0.33
3792	-1217	-0.33
3795	-1218	-0.33
3799	-1219	-0.25
3802	-1220	-0.33
3805	-1221	-0.33
3808	-1222	-0.33
3811	-1223	-0.33
3814	-1224	-0.33
3817	-1225	-0.33
3820	-1226	-0.33
3823	-1227	-0.33
3826	-1228	-0.33
3829	-1229	-0.33
3832	-1230	-0.33
3835	-1231	-0.33
3838	-1232	-0.33
3842	-1233	-0.25
3845	-1234	-0.33
3848	-1235	-0.33
3851	-1236	-0.33
3854	-1237	-0.33
3857	-1238	-0.33
3860	-1239	-0.33
3863	-1240	-0.33
3866	-1241	-0.33
3869	-1242	-0.33
3872	-1243	-0.33
3875	-1244	-0.33
3878	-1245	-0.33
3881	-1246	-0.33
3885	-1247	-0.25
3888	-1248	-0.33
3891	-1249	-0.33
3894	-1250	-0.33
3897	-1251	-0.33
3900	-1252	-0.33
3903	-1253	-0.33
3906	-1254	-0.33
3909	-1255	-0.33
3912	-1256	-0.33
3915	-1257	-0.33
3918	-1258	-0.33
3921	-1259	-0.33
3924	-1260	-0.33
3928	-1261	-0.25
3931	-1262	-0.33
3934	-1263	-0.33
3937	-1264	-0.33
3940	-1265	-0.33
3943	-1266	-0.33
3946	-1267	-0.33
3949	-1268	-0.33
3952	-1269	-0.33
3955	-1270	-0.33
3958	-1271	-0.33
3961	-1272	-0.33
3964	-1273	-0.33
3968	-1274	-0.25
3971	-1275	-0.33
3974	-1276	-0.33
3977	-1277	-0.33
3980	-1278	-0.33
3983	-1279	-0.33
3986	-1280	-0.33
3988	-1281	-0.50
3991	-1282	-0.33
3994	-1283	-0.33
3998	-1284	-0.25
4000	-1285	-0.50
4003	-1286	-0.33
4006	-1287	-0.33
4011	-1288	-0.20
4014	-1289	-0.33
4017	-1290	-0.33
4019	-1291	-0.50
4022	-1292	-0.33
4025	-1293	-0.33
4028	-1294	-0.33
4031	-1295	-0.33
4034	-1296	-0.33
4037	-1297	-0.33
4040	-1298	-0.33
4043	-1299	-0.33
4046	-1300	-0.33
4049	-1301	-0.33
4052	-1302	-0.33
4056	-1303	-0.25
4059	-1304	-0.33
4062	-1305	-0.33
4065	-1306	-0.33
4068	-1307	-0.33
4071	-1308	-0.33
4074	-1309	-0.33
4077	-1310	-0.33
4080	-1311	-0.33
4083	-1312	-0.33
4086	-1313	-0.33
4089	-1314	-0.33
4092	-1315	-0.33
4096	-1316	-0.25
4099	-1317	-0.33
4102	-1318	-0.33
4105	-1319	-0.33
4108	-1320	-0.33
4111	-1321	-0.33
4114	-1322	-0.33
4117	-1323	-0.33
4120	-1324	-0.33
4123	-1325	-0.33
4126	-1326	-0.33
4129	-1327	-0.33
4132	-1328	-0.33
4135	-1329	-0.33
4139	-1330	-0.25
4142	-1331	-0.33
4145	-1332	-0.33
4148	-1333	-0.33
4151	-1334	-0.33
4154	-1335	-0.33
4157	-1336	-0.33
4160	-1337	-0.33
4163	-1338	-0.33
4166	-1339	-0.33
4169	-1340	-0.33
4172	-1341	-0.33
4175	-1342	-0.33
4178	-1343	-0.33
4182	-1344	-0.25
4185	-1345	-0.33
4188	-1346	-0.33
4191	-1347	-0.33
4194	-1348	-0.33
4197	-1349	-0.33
4200	-1350	-0.33
4203	-1351	-0.33
4206	-1352	-0.33
4209	-1353	-0.33
4212	-1354	-0.33
4215	-1355	-0.33
4218	-1356	-0.33
4221	-1357	-0.33
4225	-1358	-0.25
4228	-1359	-0.33
4231	-1360	-0.33
4234	-1361	-0.33
4237	-1362	-0.33
4239	-1363	-0.50
4242	-1364	-0.33
4245	-1365	-0.33
4248	-1366	-0.33
4251	-1367	-0.33
4254	-1368	-0.33
4257	-1369	-0.33
4260	-1370	-0.33
4263	-1371	-0.33
4267	-1372	-0.25
4270	-1373	-0.33
4273	-1374	-0.33
4276	-1375	-0.33
4279	-1376	-0.33
4282	-1377	-0.33
4285	-1378	-0.33
4288	-1379	-0.33
4291	-1380	-0.33
4294	-1381	-0.33
4297	-1382	-0.33
4300	-1383	-0.33
4303	-1384	-0.33
4306	-1385	-0.33
4310	-1386	-0.25
4313	-1387	-0.33
4316	-1388	-0.33
4319	-1389	-0.33
4322	-1390	-0.33
4325	-1391	-0.33
4328	-1392	-0.33
4331	-1393	-0.33
4334	-1394	-0.33
4337	-1395	-0.33
4340	-1396	-0.33
4343	-1397	-0.33
4346	-1398	-0.33
4349	-1399	-0.33
4353	-1400	-0.25
4356	-1401	-0.33
4359	-1402	-0.33
4362	-1403	-0.33
4365	-1404	-0.33
4368	-1405	-0.33
4371	-1406	-0.33
4374	-1407	-0.33
4377	-1408	-0.33
4380	-1409	-0.33
4383	-1410	-0.33
4386	-1411	-0.33
4389	-1412	-0.33
4392	-1413	-0.33
4396	-1414	-0.25
4399	-1415	-0.33
4402	-1416	-0.33
4405	-1417	-0.33
4408	-1418	-0.33
4411	-1419	-0.33
4414	-1420	-0.33
4417	-1421	-0.33
4420	-1422	-0.33
4423	-1423	-0.33
4426	-1424	-0.33
4429	-1425	-0.33
4432	-1426	-0.33
4435	-1427	-0.33
4439	-1428	-0.25
4442	-1429	-0.33
4445	-1430	-0.33
4448	-1431	-0.33
4451	-1432	-0.33
4454	-1433	-0.33
4457	-1434	-0.33
4460	-1435	-0.33
4463	-1436	-0.33
4466	-1437	-0.33
4469	-1438	-0.33
4472	-1439	-0.33
4475	-1440	-0.33
4478	-1441	-0.33
4482	-1442	-0.25
4485	-1443	-0.33
4488	-1444	-0.33
4491	-1445	-0.33
4494	-1446	-0.33
4497	-1447	-0.33
4500	-1448	-0.33
4502	-1449	-0.50
4505	-1450	-0.33
4508	-1451	-0.33
4511	-1452	-0.33
4514	-1453	-0.33
4517	-1454	-0.33
4520	-1455	-0.33
4524	-1456	-0.25
4527	-1457	-0.33
4530	-1458	-0.33
4533	-1459	-0.33
4536	-1460	-0.33
4539	-1461	-0.33
4542	-1462	-0.33
4545	-1463	-0.33
4548	-1464	-0.33
4551	-1465	-0.33
4554	-1466	-0.33
4557	-1467	-0.33
4560	-1468	-0.33
4563	-1469	-0.33
4567	-1470	-0.25
4570	-1471	-0.33
4573	-1472	-0.33
4576	-1473	-0.33
4579	-1474	-0.33
4582	-1475	-0.33
4585	-1476	-0.33
4588	-1477	-0.33
4591	-1478	-0.33
4594	-1479	-0.33
4597	-1480	-0.33
4600	-1481	-0.33
4603	-1482	-0.33
4606	-1483	-0.33
4610	-1484	-0.25
4613	-1485	-0.33
4616	-1486	-0.33
4619	-1487	-0.33
4622	-1488	-0.33
4625	-1489	-0.33
4628	-1490	-0.33
4631	-1491	-0.33
4634	-1492	-0.33
4637	-1493	-0.33
4640	-1494	-0.33
4643	-1495	-0.33
4646	-1496	-0.33
4649	-1497	-0.33
4653	-1498	-0.25
4656	-1499	-0.33
4659	-1500	-0.33
4662	-1501	-0.33
4665	-1502	-0.33
4668	-1503	-0.33
4671	-1504	-0.33
4674	-1505	-0.33
4677	-1506	-0.33
4680	-1507	-0.33
4683	-1508	-0.33
4686	-1509	-0.33
4689	-1510	-0.33
4692	-1511	-0.33
4696	-1512	-0.25
4699	-1513	-0.33
4702	-1514	-0.33
4705	-1515	-0.33
4708	-1516	-0.33
4711	-1517	-0.33
4714	-1518	-0.33
4717	-1519	-0.33
4720	-1520	-0.33
4723	-1521	-0.33
4726	-1522	-0.33
4729	-1523	-0.33
4732	-1524	-0.33
4736	-1525	-0.25
4739	-1526	-0.33
4742	-1527	-0.33
4745	-1528	-0.33
4748	-1529	-0.33
4751	-1530	-0.33
4754	-1531	-0.33
4756	-1532	-0.50
4759	-1533	-0.33
4762	-1534	-0.33
4765	-1535	-0.33
4768	-1536	-0.33
4771	-1537	-0.33
4774	-1538	-0.33
4777	-1539	-0.33
4781	-1540	-0.25
4784	-1541	-0.33
4787	-1542	-0.33
4790	-1543	-0.33
4793	-1544	-0.33
4796	-1545	-0.33
4799	-1546	-0.33
4802	-1547	-0.33
4805	-1548	-0.33
4808	-1549	-0.33
4811	-1550	-0.33
4814	-1551	-0.33
4817	-1552	-0.33
4820	-1553	-0.33
4824	-1554	-0.25
4827	-1555	-0.33
4830	-1556	-0.33
4833	-1557	-0.33
4836	-1558	-0.33
4839	-1559	-0.33
4842	-1560	-0.33
4845	-1561	-0.33
4848	-1562	-0.33
4851	-1563	-0.33
4854	-1564	-0.33
4857	-1565	-0.33
4860	-1566	-0.33
4864	-1567	-0.25
4867	-1568	-0.33
4870	-1569	-0.33
4873	-1570	-0.33
4876	-1571	-0.33
4879	-1572	-0.33
4882	-1573	-0.33
4885	-1574	-0.33
4888	-1575	-0.33
4891	-1576	-0.33
4894	-1577	-0.33
4897	-1578	-0.33
4900	-1579	-0.33
4903	-1580	-0.33
4907	-1581	-0.25
4910	-1582	-0.33
4913	-1583	-0.33
4916	-1584	-0.33
4919	-1585	-0.33
4922	-1586	-0.33
4925	-1587	-0.33
4928	-1588	-0.33
4931	-1589	-0.33
4934	-1590	-0.33
4937	-1591	-0.33
4940	-1592	-0.33
4943	-1593	-0.33
4946	-1594	-0.33
4950	-1595	-0.25
4953	-1596	-0.33
4956	-1597	-0.33
4959	-1598	-0.33
4962	-1599	-0.33
4965	-1600	-0.33
4968	-1601	-0.33
4971	-1602	-0.33
4974	-1603	-0.33
4977	-1604	-0.33
4980	-1605	-0.33
4983	-1606	-0.33
4986	-1607	-0.33
4989	-1608	-0.33
4993	-1609	-0.25
4996	-1610	-0.33
4999	-1611	-0.33
5002	-1612	-0.33
5005	-1613	-0.33
5008	-1614	-0.33
5011	-1615	-0.33
5014	-1616	-0.33
5016	-1617	-0.50
5019	-1618	-0.33
5022	-1619	-0.33
5025	-1620	-0.33
5028	-1621	-0.33
5031	-1622	-0.33
5035	-1623	-0.25
5038	-1624	-0.33
5041	-1625	-0.33
5044	-1626	-0.33
5047	-1627	-0.33
5050	-1628	-0.33
5053	-1629	-0.33
5056	-1630	-0.33
5059	-1631	-0.33
5062	-1632	-0.33
5065	-1633	-0.33
5068	-1634	-0.33
5071	-1635	-0.33
5074	-1636	-0.33
5078	-1637	-0.25
5081	-1638	-0.33
5084	-1639	-0.33
5087	-1640	-0.33
5090	-1641	-0.33
5093	-1642	-0.33
5096	-1643	-0.33
5099	-1644	-0.33
5102	-1645	-0.33
5105	-1646	-0.33
5108	-1647	-0.33
5111	-1648	-0.33
5114	-1649	-0.33
5117	-1650	-0.33
5121	-1651	-0.25
5124	-1652	-0.33
5127	-1653	-0.33
5130	-1654	-0.33
5133	-1655	-0.33
5136	-1656	-0.33
5139	-1657	-0.33
5142	-1658	-0.33
5145	-1659	-0.33
5148	-1660	-0.33
5151	-1661	-0.33
5154	-1662	-0.33
5157	-1663	-0.33
5160	-1664	-0.33
5164	-1665	-0.25
5167	-1666	-0.33
5170	-1667	-0.33
5173	-1668	-0.33
5176	-1669	-0.33
5179	-1670	-0.33
5182	-1671	-0.33
5185	-1672	-0.33
5188	-1673	-0.33
5191	-1674	-0.33
5194	-1675	-0.33
5197	-1676	-0.33
5200	-1677	-0.33
5203	-1678	-0.33
5207	-1679	-0.25
5210	-1680	-0.33
5213	-1681	-0.33
5216	-1682	-0.33
5219	-1683	-0.33
5222	-1684	-0.33
5225	-1685	-0.33
5228	-1686	-0.33
5231	-1687	-0.33
5234	-1688	-0.33
5237	-1689	-0.33
5240	-1690	-0.33
5243	-1691	-0.33
5246	-1692	-0.33
5250	-1693	-0.25
5253	-1694	-0.33
5256	-1695	-0.33
5259	-1696	-0.33
5262	-1697	-0.33
5265	-1698	-0.33
5268	-1699	-0.33
5271	-1700	-0.33
5273	-1701	-0.50
5276	-1702	-0.33
5279	-1703	-0.33
5282	-1704	-0.33
5285	-1705	-0.33
5288	-1706	-0.33
5292	-1707	-0.25
5295	-1708	-0.33
5298	-1709	-0.33
5301	-1710	-0.33
5304	-1711	-0.33
5307	-1712	-0.33
5310	-1713	-0.33
5313	-1714	-0.33
5316	-1715	-0.33
5319	-1716	-0.33
5322	-1717	-0.33
5325	-1718	-0.33
5328	-1719	-0.33
5331	-1720	-0.33
5335	-1721	-0.25
5338	-1722	-0.33
5341	-1723	-0.33
5344	-1724	-0.33
5347	-1725	-0.33
5350	-1726	-0.33
5353	-1727	-0.33
5356	-1728	-0.33
5359	-1729	-0.33
5362	-1730	-0.33
5365	-1731	-0.33
5368	-1732	-0.33
5371	-1733	-0.33
5374	-1734	-0.33
5378	-1735	-0.25
5381	-1736	-0.33
5384	-1737	-0.33
5387	-1738	-0.33
5390	-1739	-0.33
5393	-1740	-0.33
5396	-1741	-0.33
5399	-1742	-0.33
5402	-1743	-0.33
5405	-1744	-0.33
5408	-1745	-0.33
5411	-1746	-0.33
5414	-1747	-0.33
5417	-1748	-0.33
5421	-1749	-0.25
5424	-1750	-0.33
5427	-1751	-0.33
5430	-1752	-0.33
5433	-1753	-0.33
5436	-1754	-0.33
5439	-1755	-0.33
5442	-1756	-0.33
5445	-1757	-0.33
5448	-1758	-0.33
5451	-1759	-0.33
5454	-1760	-0.33
5457	-1761	-0.33
5460	-1762	-0.33
5464	-1763	-0.25
5467	-1764	-0.33
5470	-1765	-0.33
5473	-1766	-0.33
5476	-1767	-0.33
5479	-1768	-0.33
5482	-1769	-0.33
5485	-1770	-0.33
5488	-1771	-0.33
5491	-1772	-0.33
5494	-1773	-0.33
5497	-1774	-0.33
5500	-1775	-0.33
5504	-1776	-0.25
5507	-1777	-0.33
5510	-1778	-0.33
5513	-1779	-0.33
5516	-1780	-0.33
5519	-1781	-0.33
5522	-1782	-0.33
5525	-1783	-0.33
5528	-1784	-0.33
5530	-1785	-0.50
5533	-1786	-0.33
5536	-1787	-0.33
5539	-1788	-0.33
5542	-1789	-0.33
5545	-1790	-0.33
5549	-1791	-0.25
5553	-1792	-0.25
5556	-1793	-0.33
5558	-1794	-0.50
5561	-1795	-0.33
5564	-1796	-0.33
5567	-1797	-0.33
5570	-1798	-0.33
5573	-1799	-0.33
5576	-1800	-0.33
5579	-1801	-0.33
5582	-1802	-0.33
5585	-1803	-0.33
5588	-1804	-0.33
5592	-1805	-0.25
5595	-1806	-0.33
5598	-1807	-0.33
5601	-1808	-0.33
5604	-1809	-0.33
5607	-1810	-0.33
5610	-1811	-0.33
5613	-1812	-0.33
5616	-1813	-0.33
5619	-1814	-0.33
5622	-1815	-0.33
5625	-1816	-0.33
5628	-1817	-0.33
5632	-1818	-0.25
5635	-1819	-0.33
5638	-1820	-0.33
5641	-1821	-0.33
5644	-1822	-0.33
5647	-1823	-0.33
5650	-1824	-0.33
5653	-1825	-0.33
5656	-1826	-0.33
5659	-1827	-0.33
5662	-1828	-0.33
5665	-1829	-0.33
5668	-1830	-0.33
5671	-1831	-0.33
5675	-1832	-0.25
5678	-1833	-0.33
5681	-1834	-0.33
5684	-1835	-0.33
5687	-1836	-0.33
5690	-1837	-0.33
5693	-1838	-0.33
5696	-1839	-0.33
5699	-1840	-0.33
5702	-1841	-0.33
5705	-1842	-0.33
5708	-1843	-0.33
5711	-1844	-0.33
5714	-1845	-0.33
5718	-1846	-0.25
5721	-1847	-0.33
5724	-1848	-0.33
5727	-1849	-0.33
5730	-1850	-0.33
5733	-1851	-0.33
5736	-1852	-0.33
5739	-1853	-0.33
5742	-1854	-0.33
5745	-1855	-0.33
5748	-1856	-0.33
5751	-1857	-0.33
5754	-1858	-0.33
5757	-1859	-0.33
5761	-1860	-0.25
5764	-1861	-0.33
5767	-1862	-0.33
5770	-1863	-0.33
5773	-1864	-0.33
5776	-1865	-0.33
5779	-1866	-0.33
5782	-1867	-0.33
5785	-1868	-0.33
5787	-1869	-0.50
5790	-1870	-0.33
5793	-1871	-0.33
5796	-1872	-0.33
5799	-1873	-0.33
5803	-1874	-0.25
5806	-1875	-0.33
5809	-1876	-0.33
5812	-1877	-0.33
5815	-1878	-0.33
5818	-1879	-0.33
5821	-1880	-0.33
5824	-1881	-0.33
5827	-1882	-0.33
5830	-1883	-0.33
5833	-1884	-0.33
5836	-1885	-0.33
5839	-1886	-0.33
5842	-1887	-0.33
5846	-1888	-0.25
5849	-1889	-0.33
5852	-1890	-0.33
5855	-1891	-0.33
5858	-1892	-0.33
5861	-1893	-0.33
5864	-1894	-0.33
5867	-1895	-0.33
5870	-1896	-0.33
5873	-1897	-0.33
5876	-1898	-0.33
5879	-1899	-0.33
5882	-1900	-0.33
5885	-1901	-0.33
5889	-1902	-0.25
5892	-1903	-0.33
5895	-1904	-0.33
5898	-1905	-0.33
5901	-1906	-0.33
5904	-1907	-0.33
5907	-1908	-0.33
5910	-1909	-0.33
5913	-1910	-0.33
5916	-1911	-0.33
5919	-1912	-0.33
5922	-1913	-0.33
5925	-1914	-0.33
5928	-1915	-0.33
5932	-1916	-0.25
5935	-1917	-0.33
5938	-1918	-0.33
5941	-1919	-0.33
5944	-1920	-0.33
5947	-1921	-0.33
5950	-1922	-0.33
5953	-1923	-0.33
5956	-1924	-0.33
5959	-1925	-0.33
5962	-1926	-0.33
5965	-1927	-0.33
5968	-1928	-0.33
5971	-1929	-0.33
5975	-1930	-0.25
5978	-1931	-0.33
5981	-1932	-0.33
5984	-1933	-0.33
5987	-1934	-0.33
5990	-1935	-0.33
5993	-1936	-0.33
5996	-1937	-0.33
5999	-1938	-0.33
6002	-1939	-0.33
6005	-1940	-0.33
6008	-1941	-0.33
6011	-1942	-0.33
6014	-1943	-0.33
6018	-1944	-0.25
6021	-1945	-0.33
6024	-1946	-0.33
6027	-1947	-0.33
6030	-1948	-0.33
6033	-1949	-0.33
6036	-1950	-0.33
6039	-1951	-0.33
6042	-1952	-0.33
6044	-1953	-0.50
6047	-1954	-0.33
6050	-1955	-0.33
6053	-1956	-0.33
6056	-1957	-0.33
6060	-1958	-0.25
6063	-1959	-0.33
6066	-1960	-0.33
6069	-1961	-0.33
6072	-1962	-0.33
6075	-1963	-0.33
6078	-1964	-0.33
6081	-1965	-0.33
6084	-1966	-0.33
6087	-1967	-0.33
6090	-1968	-0.33
6093	-1969	-0.33
6096	-1970	-0.33
6099	-1971	-0.33
6103	-1972	-0.25
6106	-1973	-0.33
6109	-1974	-0.33
6112	-1975	-0.33
6115	-1976	-0.33
6118	-1977	-0.33
6121	-1978	-0.33
6124	-1979	-0.33
6127	-1980	-0.33
6130	-1981	-0.33
6133	-1982	-0.33
6136	-1983	-0.33
6139	-1984	-0.33
6142	-1985	-0.33
6146	-1986	-0.25
6149	-1987	-0.33
6152	-1988	-0.33
6155	-1989	-0.33
6158	-1990	-0.33
6161	-1991	-0.33
6164	-1992	-0.33
6167	-1993	-0.33
6170	-1994	-0.33
6173	-1995	-0.33
6176	-1996	-0.33
6179	-1997	-0.33
6182	-1998	-0.33
6185	-1999	-0.33
6189	-2000	-0.25
6192	-2001	-0.33
6195	-2002	-0.33
6198	-2003	-0.33
6201	-2004	-0.33
6204	-2005	-0.33
6207	-2006	-0.33
6210	-2007	-0.33
6213	-2008	-0.33
6216	-2009	-0.33
6219	-2010	-0.33
6222	-2011	-0.33
6225	-2012	-0.33
6228	-2013	-0.33
6232	-2014	-0.25
6235	-2015	-0.33
6238	-2016	-0.33
6241	-2017	-0.33
6244	-2018	-0.33
6247	-2019	-0.33
6250	-2020	-0.33
6253	-2021	-0.33
6256	-2022	-0.33
6259	-2023	-0.33
6262	-2024	-0.33
6265	-2025	-0.33
6268	-2026	-0.33
6272	-2027	-0.25
6275	-2028	-0.33
6278	-2029	-0.33
6281	-2030	-0.33
6284	-2031	-0.33
6287	-2032	-0.33
6290	-2033	-0.33
6293	-2034	-0.33
6296	-2035	-0.33
6299	-2036	-0.33
6301	-2037	-0.50
6304	-2038	-0.33
6307	-2039	-0.33
6310	-2040	-0.33
6313	-2041	-0.33
6317	-2042	-0.25
6320	-2043	-0.33
6323	-2044	-0.33
6326	-2045	-0.33
6329	-2046	-0.33
6332	-2047	-0.33
6335	-2048	-0.33
6338	-2049	-0.33
6341	-2050	-0.33
6344	-2051	-0.33
6347	-2052	-0.33
6350	-2053	-0.33
6353	-2054	-0.33
6356	-2055	-0.33
6360	-2056	-0.25
6363	-2057	-0.33
6366	-2058	-0.33
6369	-2059	-0.33
6372	-2060	-0.33
6375	-2061	-0.33
6378	-2062	-0.33
6381	-2063	-0.33
6384	-2064	-0.33
6387	-2065	-0.33
6390	-2066	-0.33
6393	-2067	-0.33
6396	-2068	-0.33
6400	-2069	-0.25
6403	-2070	-0.33
6406	-2071	-0.33
6409	-2072	-0.33
6412	-2073	-0.33
6415	-2074	-0.33
6418	-2075	-0.33
6421	-2076	-0.33
6424	-2077	-0.33
6427	-2078	-0.33
6430	-2079	-0.33
6433	-2080	-0.33
6436	-2081	-0.33
6439	-2082	-0.33
6443	-2083	-0.25
6446	-2084	-0.33
6449	-2085	-0.33
6452	-2086	-0.33
6455	-2087	-0.33
6458	-2088	-0.33
6461	-2089	-0.33
6464	-2090	-0.33
6467	-2091	-0.33
6470	-2092	-0.33
6473	-2093	-0.33
6476	-2094	-0.33
6479	-2095	-0.33
6482	-2096	-0.33
6486	-2097	-0.25
6489	-2098	-0.33
6492	-2099	-0.33
6495	-2100	-0.33
6498	-2101	-0.33
6501	-2102	-0.33
6504	-2103	-0.33
6507	-2104	-0.33
6510	-2105	-0.33
6513	-2106	-0.33
6516	-2107	-0.33
6519	-2108	-0.33
6522	-2109	-0.33
6525	-2110	-0.33
6529	-2111	-0.25
6532	-2112	-0.33
6535	-2113	-0.33
6538	-2114	-0.33
6541	-2115	-0.33
6544	-2116	-0.33
6547	-2117	-0.33
6550	-2118	-0.33
6553	-2119	-0.33
6556	-2120	-0.33
6558	-2121	-0.50
6561	-2122	-0.33
6564	-2123	-0.33
6567	-2124	-0.33
6571	-2125	-0.25
6574	-2126	-0.33
6577	-2127	-0.33
6580	-2128	-0.33
6583	-2129	-0.33
6586	-2130	-0.33
6589	-2131	-0.33
6592	-2132	-0.33
6595	-2133	-0.33
6598	-2134	-0.33
6601	-2135	-0.33
6604	-2136	-0.33
6607	-2137	-0.33
6610	-2138	-0.33
6614	-2139	-0.25
6617	-2140	-0.33
6620	-2141	-0.33
6623	-2142	-0.33
6626	-2143	-0.33
6629	-2144	-0.33
6632	-2145	-0.33
6635	-2146	-0.33
6638	-2147	-0.33
6641	-2148	-0.33
6644	-2149	-0.33
6647	-2150	-0.33
6650	-2151	-0.33
6653	-2152	-0.33
6657	-2153	-0.25
6660	-2154	-0.33
6663	-2155	-0.33
6666	-2156	-0.33
6669	-2157	-0.33
6672	-2158	-0.33
6675	-2159	-0.33
6678	-2160	-0.33
6681	-2161	-0.33
6684	-2162	-0.33
6687	-2163	-0.33
6690	-2164	-0.33
6693	-2165	-0.33
6696	-2166	-0.33
6700	-2167	-0.25
6703	-2168	-0.33
6706	-2169	-0.33
6709	-2170	-0.33
6712	-2171	-0.33
6715	-2172	-0.33
6718	-2173	-0.33
6721	-2174	-0.33
6724	-2175	-0.33
6727	-2176	-0.33
6730	-2177	-0.33
6733	-2178	-0.33
6736	-2179	-0.33
6739	-2180	-0.33
6743	-2181	-0.25
6746	-2182	-0.33
6749	-2183	-0.33
6752	-2184	-0.33
6755	-2185	-0.33
6758	-2186	-0.33
6761	-2187	-0.33
6764	-2188	-0.33
6767	-2189	-0.33
6770	-2190	-0.33
6773	-2191	-0.33
6776	-2192	-0.33
6779	-2193	-0.33
6782	-2194	-0.33
6786	-2195	-0.25
6789	-2196	-0.33
6792	-2197	-0.33
6795	-2198	-0.33
6798	-2199	-0.33
6801	-2200	-0.33
6804	-2201	-0.33
6807	-2202	-0.33
6810	-2203	-0.33
6813	-2204	-0.33
6815	-2205	-0.50
6818	-2206	-0.33
6821	-2207	-0.33
6824	-2208	-0.33
6828	-2209	-0.25
6831	-2210	-0.33
6834	-2211	-0.33
6838	-2212	-0.25
6841	-2213	-0.33
6843	-2214	-0.50
6846	-2215	-0.33
6849	-2216	-0.33
6852	-2217	-0.33
6855	-2218	-0.33
6858	-2219	-0.33
6861	-2220	-0.33
6864	-2221	-0.33
6867	-2222	-0.33
6871	-2223	-0.25
6874	-2224	-0.33
6877	-2225	-0.33
6880	-2226	-0.33
6883	-2227	-0.33
6886	-2228	-0.33
6889	-2229	-0.33
6892	-2230	-0.33
6895	-2231	-0.33
6898	-2232	-0.33
6901	-2233	-0.33
6904	-2234	-0.33
6907	-2235	-0.33
6910	-2236	-0.33
6914	-2237	-0.25
6917	-2238	-0.33
6920	-2239	-0.33
6923	-2240	-0.33
6926	-2241	-0.33
6929	-2242	-0.33
6932	-2243	-0.33
6935	-2244	-0.33
6938	-2245	-0.33
6941	-2246	-0.33
6944	-2247	-0.33
6947	-2248	-0.33
6950	-2249	-0.33
6953	-2250	-0.33
6957	-2251	-0.25
6960	-2252	-0.33
6963	-2253	-0.33
6966	-2254	-0.33
6969	-2255	-0.33
6972	-2256	-0.33
6975	-2257	-0.33
6978	-2258	-0.33
6981	-2259	-0.33
6984	-2260	-0.33
6987	-2261	-0.33
6990	-2262	-0.33
6993	-2263	-0.33
6996	-2264	-0.33
7000	-2265	-0.25
7003	-2266	-0.33
7006	-2267	-0.33
7009	-2268	-0.33
7012	-2269	-0.33
7015	-2270	-0.33
7018	-2271	-0.33
7021	-2272	-0.33
7024	-2273	-0.33
7027	-2274	-0.33
7030	-2275	-0.33
7033	-2276	-0.33
7036	-2277	-0.33
7040	-2278	-0.25
7043	-2279	-0.33
7046	-2280	-0.33
7049	-2281	-0.33
7052	-2282	-0.33
7055	-2283	-0.33
7058	-2284	-0.33
7061	-2285	-0.33
7064	-2286	-0.33
7067	-2287	-0.33
7070	-2288	-0.33
7072	-2289	-0.50
7075	-2290	-0.33
7078	-2291	-0.33
7081	-2292	-0.33
7085	-2293	-0.25
7088	-2294	-0.33
7091	-2295	-0.33
7095	-2296	-0.25
7098	-2297	-0.33
7101	-2298	-0.33
7103	-2299	-0.50
7106	-2300	-0.33
7109	-2301	-0.33
7112	-2302	-0.33
7115	-2303	-0.33
7118	-2304	-0.33
7121	-2305	-0.33
7124	-2306	-0.33
7128	-2307	-0.25
7131	-2308	-0.33
7134	-2309	-0.33
7137	-2310	-0.33
7140	-2311	-0.33
7143	-2312	-0.33
7146	-2313	-0.33
7149	-2314	-0.33
7152	-2315	-0.33
7155	-2316	-0.33
7158	-2317	-0.33
7161	-2318	-0.33
7164	-2319	-0.33
7168	-2320	-0.25
7171	-2321	-0.33
7174	-2322	-0.33
7177	-2323	-0.33
7180	-2324	-0.33
7183	-2325	-0.33
7186	-2326	-0.33
7189	-2327	-0.33
7192	-2328	-0.33
7195	-2329	-0.33
7198	-2330	-0.33
7201	-2331	-0.33
7204	-2332	-0.33
7207	-2333	-0.33
7211	-2334	-0.25
7214	-2335	-0.33
7217	-2336	-0.33
7220	-2337	-0.33
7223	-2338	-0.33
7226	-2339	-0.33
7229	-2340	-0.33
7232	-2341	-0.33
7235	-2342	-0.33
7238	-2343	-0.33
7241	-2344	-0.33
7244	-2345	-0.33
7247	-2346	-0.33
7250	-2347	-0.33
7254	-2348	-0.25
7257	-2349	-0.33
7260	-2350	-0.33
7263	-2351	-0.33
7266	-2352	-0.33
7269	-2353	-0.33
7272	-2354	-0.33
7275	-2355	-0.33
7278	-2356	-0.33
7281	-2357	-0.33
7284	-2358	-0.33
7287	-2359	-0.33
7290	-2360	-0.33
7293	-2361	-0.33
7297	-2362	-0.25
7300	-2363	-0.33
7303	-2364	-0.33
7306	-2365	-0.33
7309	-2366	-0.33
7312	-2367	-0.33
7315	-2368	-0.33
7318	-2369	-0.33
7321	-2370	-0.33
7324	-2371	-0.33
7327	-2372	-0.33
7330	-2373	-0.33
7332	-2374	-0.50
7336	-2375	-0.25
7340	-2376	-0.25
7343	-2377	-0.33
7345	-2378	-0.50
7349	-2379	-0.25
7352	-2380	-0.33
7355	-2381	-0.33
7358	-2382	-0.33
7360	-2383	-0.50
7363	-2384	-0.33
7366	-2385	-0.33
7369	-2386	-0.33
7372	-2387	-0.33
7375	-2388	-0.33
7378	-2389	-0.33
7382	-2390	-0.25
7385	-2391	-0.33
7388	-2392	-0.33
7391	-2393	-0.33
7394	-2394	-0.33
7397	-2395	-0.33
7400	-2396	-0.33
7403	-2397	-0.33
7406	-2398	-0.33
7409	-2399	-0.33
7412	-2400	-0.33
7415	-2401	-0.33
7418	-2402	-0.33
7421	-2403	-0.33
7425	-2404	-0.25
7428	-2405	-0.33
7431	-2406	-0.33
7434	-2407	-0.33
7437	-2408	-0.33
7440	-2409	-0.33
7443	-2410	-0.33
7446	-2411	-0.33
7449	-2412	-0.33
7452	-2413	-0.33
7455	-2414	-0.33
7458	-2415	-0.33
7461	-2416	-0.33
7464	-2417	-0.33
7468	-2418	-0.25
7471	-2419	-0.33
7474	-2420	-0.33
7477	-2421	-0.33
7480	-2422	-0.33
7483	-2423	-0.33
7486	-2424	-0.33
7489	-2425	-0.33
7492	-2426	-0.33
7495	-2427	-0.33
7498	-2428	-0.33
7501	-2429	-0.33
7504	-2430	-0.33
7507	-2431	-0.33
7511	-2432	-0.25
7514	-2433	-0.33
7517	-2434	-0.33
7520	-2435	-0.33
7523	-2436	-0.33
7526	-2437	-0.33
7529	-2438	-0.33
7532	-2439	-0.33
7535	-2440	-0.33
7538	-2441	-0.33
7541	-2442	-0.33
7544	-2443	-0.33
7547	-2444	-0.33
7550	-2445	-0.33
7554	-2446	-0.25
7557	-2447	-0.33
7560	-2448	-0.33
7563	-2449	-0.33
7566	-2450	-0.33
7569	-2451	-0.33
7572	-2452	-0.33
7575	-2453	-0.33
7578	-2454	-0.33
7581	-2455	-0.33
7584	-2456	-0.33
7586	-2457	-0.50
7589	-2458	-0.33
7592	-2459	-0.33
7596	-2460	-0.25
7599	-2461	-0.33
7602	-2462	-0.33
7605	-2463	-0.33
7609	-2464	-0.25
7612	-2465	-0.33
7615	-2466	-0.33
7617	-2467	-0.50
7620	-2468	-0.33
7623	-2469	-0.33
7626	-2470	-0.33
7629	-2471	-0.33
7632	-2472	-0.33
7635	-2473	-0.33
7639	-2474	-0.25
7642	-2475	-0.33
7645	-2476	-0.33
7648	-2477	-0.33
7651	-2478	-0.33
7654	-2479	-0.33
7657	-2480	-0.33
7660	-2481	-0.33
7663	-2482	-0.33
7666	-2483	-0.33
7669	-2484	-0.33
7672	-2485	-0.33
7675	-2486	-0.33
7678	-2487	-0.33
7682	-2488	-0.25
7685	-2489	-0.33
7688	-2490	-0.33
7691	-2491	-0.33
7694	-2492	-0.33
7697	-2493	-0.33
7700	-2494	-0.33
7703	-2495	-0.33
7706	-2496	-0.33
7709	-2497	-0.33
7712	-2498	-0.33
7715	-2499	-0.33
7718	-2500	-0.33
7721	-2501	-0.33
7725	-2502	-0.25
7728	-2503	-0.33
7731	-2504	-0.33
7734	-2505	-0.33
7737	-2506	-0.33
7740	-2507	-0.33
7743	-2508	-0.33
7746	-2509	-0.33
7749	-2510	-0.33
7752	-2511	-0.33
7755	-2512	-0.33
7758	-2513	-0.33
7761	-2514	-0.33
7764	-2515	-0.33
7768	-2516	-0.25
7771	-2517	-0.33
7774	-2518	-0.33
7777	-2519	-0.33
7780	-2520	-0.33
7783	-2521	-0.33
7786	-2522	-0.33
7789	-2523	-0.33
7792	-2524	-0.33
7795	-2525	-0.33
7798	-2526	-0.33
7801	-2527	-0.33
7804	-2528	-0.33
7808	-2529	-0.25
7811	-2530	-0.33
7814	-2531	-0.33
7817	-2532	-0.33
7820	-2533	-0.33
7823	-2534	-0.33
7826	-2535	-0.33
7829	-2536	-0.33
7832	-2537	-0.33
7835	-2538	-0.33
7838	-2539	-0.33
7841	-2540	-0.33
7843	-2541	-0.50
7846	-2542	-0.33
7849	-2543	-0.33
7854	-2544	-0.20
7857	-2545	-0.33
7859	-2546	-0.50
7863	-2547	-0.25
7866	-2548	-0.33
7869	-2549	-0.33
7872	-2550	-0.33
7874	-2551	-0.50
7877	-2552	-0.33
7880	-2553	-0.33
7883	-2554	-0.33
7886	-2555	-0.33
7889	-2556	-0.33
7892	-2557	-0.33
7896	-2558	-0.25
7899	-2559	-0.33
7902	-2560	-0.33
7905	-2561	-0.33
7908	-2562	-0.33
7911	-2563	-0.33
7914	-2564	-0.33
7917	-2565	-0.33
7920	-2566	-0.33
7923	-2567	-0.33
7926	-2568	-0.33
7929	-2569	-0.33
7932	-2570	-0.33
7936	-2571	-0.25
7939	-2572	-0.33
7942	-2573	-0.33
7945	-2574	-0.33
7948	-2575	-0.33
7951	-2576	-0.33
7954	-2577	-0.33
7957	-2578	-0.33
7960	-2579	-0.33
7963	-2580	-0.33
7966	-2581	-0.33
7969	-2582	-0.33
7972	-2583	-0.33
7975	-2584	-0.33
7979	-2585	-0.25
7982	-2586	-0.33
7985	-2587	-0.33
7988	-2588	-0.33
7991	-2589	-0.33
7994	-2590	-0.33
7997	-2591	-0.33
8000	-2592	-0.33
8003	-2593	-0.33
8006	-2594	-0.33
8009	-2595	-0.33
8012	-2596	-0.33
8015	-2597	-0.33
8018	-2598	-0.33
8022	-2599	-0.25
8025	-2600	-0.33
8028	-2601	-0.33
8031	-2602	-0.33
8034	-2603	-0.33
8037	-2604	-0.33
8040	-2605	-0.33
8043	-2606	-0.33
8046	-2607	-0.33
8049	-2608	-0.33
8052	-2609	-0.33
8055	-2610	-0.33
8058	-2611	-0.33
8061	-2612	-0.33
8065	-2613	-0.25
8068	-2614	-0.33
8071	-2615	-0.33
8074	-2616	-0.33
8077	-2617	-0.33
8080	-2618	-0.33
8083	-2619	-0.33
8086	-2620	-0.33
8089	-2621	-0.33
8092	-2622	-0.33
8095	-2623	-0.33
8098	-2624	-0.33
8100	-2625	-0.50
8103	-2626	-0.33
8107	-2627	-0.25
8110	-2628	-0.33
8113	-2629	-0.33
8116	-2630	-0.33
8119	-2631	-0.33
8123	-2632	-0.25
8126	-2633	-0.33
8129	-2634	-0.33
8131	-2635	-0.50
8134	-2636	-0.33
8137	-2637	-0.33
8140	-2638	-0.33
8143	-2639	-0.33
8146	-2640	-0.33
8150	-2641	-0.25
8153	-2642	-0.33
8156	-2643	-0.33
8159	-2644	-0.33
8162	-2645	-0.33
8165	-2646	-0.33
8168	-2647	-0.33
8171	-2648	-0.33
8174	-2649	-0.33
8177	-2650	-0.33
8180	-2651	-0.33
8183	-2652	-0.33
8186	-2653	-0.33
8189	-2654	-0.33
8193	-2655	-0.25
8196	-2656	-0.33
8199	-2657	-0.33
8202	-2658	-0.33
8205	-2659	-0.33
8208	-2660	-0.33
8211	-2661	-0.33
8214	-2662	-0.33
8217	-2663	-0.33
8220	-2664	-0.33
8223	-2665	-0.33
8226	-2666	-0.33
8229	-2667	-0.33
8232	-2668	-0.33
8236	-2669	-0.25
8239	-2670	-0.33
8242	-2671	-0.33
8245	-2672	-0.33
8248	-2673	-0.33
8251	-2674	-0.33
8254	-2675	-0.33
8257	-2676	-0.33
8260	-2677	-0.33
8263	-2678	-0.33
8266	-2679	-0.33
8269	-2680	-0.33
8272	-2681	-0.33
8275	-2682	-0.33
8279	-2683	-0.25
8282	-2684	-0.33
8285	-2685	-0.33
8288	-2686	-0.33
8291	-2687	-0.33
8294	-2688	-0.33
8297	-2689	-0.33
8300	-2690	-0.33
8303	-2691	-0.33
8306	-2692	-0.33
8309	-2693	-0.33
8312	-2694	-0.33
8315	-2695	-0.33
8318	-2696	-0.33
8322	-2697	-0.25
8325	-2698	-0.33
8328	-2699	-0.33
8331	-2700	-0.33
8334	-2701	-0.33
8337	-2702	-0.33
8340	-2703	-0.33
8343	-2704	-0.33
8346	-2705	-0.33
8349	-2706	-0.33
8352	-2707	-0.33
8355	-2708	-0.33
8358	-2709	-0.33
8361	-2710	-0.33
8365	-2711	-0.25
8368	-2712	-0.33
8371	-2713	-0.33
8374	-2714	-0.33
8377	-2715	-0.33
8380	-2716	-0.33
8383	-2717	-0.33
8386	-2718	-0.33
8389	-2719	-0.33
8391	-2720	-0.50
8394	-2721	-0.33
8397	-2722	-0.33
8400	-2723	-0.33
8403	-2724	-0.33
8407	-2725	-0.25
8410	-2726	-0.33
8413	-2727	-0.33
8416	-2728	-0.33
8419	-2729	-0.33
8422	-2730	-0.33
8425	-2731	-0.33
8428	-2732	-0.33
8431	-2733	-0.33
8434	-2734	-0.33
8437	-2735	-0.33
8440	-2736	-0.33
8443	-2737	-0.33
8446	-2738	-0.33
8450	-2739	-0.25
8453	-2740	-0.33
8456	-2741	-0.33
8459	-2742	-0.33
8462	-2743	-0.33
8465	-2744	-0.33
8468	-2745	-0.33
8471	-2746	-0.33
8474	-2747	-0.33
8477	-2748	-0.33
8480	-2749	-0.33
8483	-2750	-0.33
8486	-2751	-0.33
8489	-2752	-0.33
8493	-2753	-0.25
8496	-2754	-0.33
8499	-2755	-0.33
8502	-2756	-0.33
8505	-2757	-0.33
8508	-2758	-0.33
8511	-2759	-0.33
8514	-2760	-0.33
8517	-2761	-0.33
8520	-2762	-0.33
8523	-2763	-0.33
8526	-2764	-0.33
8529	-2765	-0.33
8532	-2766	-0.33
8536	-2767	-0.25
8539	-2768	-0.33
8542	-2769	-0.33
8545	-2770	-0.33
8548	-2771	-0.33
8551	-2772	-0.33
8554	-2773	-0.33
8557	-2774	-0.33
8560	-2775	-0.33
8563	-2776	-0.33
8566	-2777	-0.33
8569	-2778	-0.33
8572	-2779	-0.33
8576	-2780	-0.25
8579	-2781	-0.33
8582	-2782	-0.33
8585	-2783	-0.33
8588	-2784	-0.33
8591	-2785	-0.33
8594	-2786	-0.33
8597	-2787	-0.33
8600	-2788	-0.33
8603	-2789	-0.33
8606	-2790	-0.33
8609	-2791	-0.33
8612	-2792	-0.33
8614	-2793	-0.50
8617	-2794	-0.33
8621	-2795	-0.25
8624	-2796	-0.33
8627	-2797	-0.33
8630	-2798	-0.33
8633	-2799	-0.33
8637	-2800	-0.25
8640	-2801	-0.33
8643	-2802	-0.33
8645	-2803	-0.50
8648	-2804	-0.33
8651	-2805	-0.33
8654	-2806	-0.33
8657	-2807	-0.33
8660	-2808	-0.33
8664	-2809	-0.25
8667	-2810	-0.33
8670	-2811	-0.33
8673	-2812	-0.33
8676	-2813	-0.33
8679	-2814	-0.33
8682	-2815	-0.33
8685	-2816	-0.33
8688	-2817	-0.33
8691	-2818	-0.33
8694	-2819	-0.33
8697	-2820	-0.33
8700	-2821	-0.33
8704	-2822	-0.25
8707	-2823	-0.33
8710	-2824	-0.33
8713	-2825	-0.33
8716	-2826	-0.33
8719	-2827	-0.33
8722	-2828	-0.33
8725	-2829	-0.33
8728	-2830	-0.33
8731	-2831	-0.33
8734	-2832	-0.33
8737	-2833	-0.33
8740	-2834	-0.33
8743	-2835	-0.33
8747	-2836	-0.25
8750	-2837	-0.33
8753	-2838	-0.33
8756	-2839	-0.33
8759	-2840	-0.33
8762	-2841	-0.33
8765	-2842	-0.33
8768	-2843	-0.33
8771	-2844	-0.33
8774	-2845	-0.33
8777	-2846	-0.33
8780	-2847	-0.33
8783	-2848	-0.33
8786	-2849	-0.33
8790	-2850	-0.25
8793	-2851	-0.33
8796	-2852	-0.33
8799	-2853	-0.33
8802	-2854	-0.33
8805	-2855	-0.33
8808	-2856	-0.33
8811	-2857	-0.33
8814	-2858	-0.33
8817	-2859	-0.33
8820	-2860	-0.33
8823	-2861	-0.33
8826	-2862	-0.33
8829	-2863	-0.33
8833	-2864	-0.25
8836	-2865	-0.33
8839	-2866	-0.33
8842	-2867	-0.33
8845	-2868	-0.33
8848	-2869	-0.33
8851	-2870	-0.33
8854	-2871	-0.33
8857	-2872	-0.33
8860	-2873	-0.33
8863	-2874	-0.33
8866	-2875	-0.33
8869	-2876	-0.33
8872	-2877	-0.33
8876	-2878	-0.25
8879	-2879	-0.33
8882	-2880	-0.33
8885	-2881	-0.33
8888	-2882	-0.33
8891	-2883	-0.33
8894	-2884	-0.33
8897	-2885	-0.33
8900	-2886	-0.33
8903	-2887	-0.33
8905	-2888	-0.50
8908	-2889	-0.33
8911	-2890	-0.33
8914	-2891	-0.33
8918	-2892	-0.25
8921	-2893	-0.33
8924	-2894	-0.33
8927	-2895	-0.33
8930	-2896	-0.33
8934	-2897	-0.25
8936	-2898	-0.50
8939	-2899	-0.33
8942	-2900	-0.33
8945	-2901	-0.33
8948	-2902	-0.33
8951	-2903	-0.33
8954	-2904	-0.33
8957	-2905	-0.33
8961	-2906	-0.25
8964	-2907	-0.33
8967	-2908	-0.33
8970	-2909	-0.33
8973	-2910	-0.33
8976	-2911	-0.33
8979	-2912	-0.33
8982	-2913	-0.33
8985	-2914	-0.33
8988	-2915	-0.33
8991	-2916	-0.33
8994	-2917	-0.33
8997	-2918	-0.33
9000	-2919	-0.33
9004	-2920	-0.25
9007	-2921	-0.33
9010	-2922	-0.33
9013	-2923	-0.33
9016	-2924	-0.33
9019	-2925	-0.33
9022	-2926	-0.33
9025	-2927	-0.33
9028	-2928	-0.33
9031	-2929	-0.33
9034	-2930	-0.33
9037	-2931	-0.33
9040	-2932	-0.33
9043	-2933	-0.33
9047	-2934	-0.25
9050	-2935	-0.33
9053	-2936	-0.33
9056	-2937	-0.33
9059	-2938	-0.33
9062	-2939	-0.33
9065	-2940	-0.33
9068	-2941	-0.33
9071	-2942	-0.33
9074	-2943	-0.33
9077	-2944	-0.33
9080	-2945	-0.33
9083	-2946	-0.33
9086	-2947	-0.33
9090	-2948	-0.25
9093	-2949	-0.33
9096	-2950	-0.33
9099	-2951	-0.33
9102	-2952	-0.33
9105	-2953	-0.33
9108	-2954	-0.33
9111	-2955	-0.33
9114	-2956	-0.33
9117	-2957	-0.33
9120	-2958	-0.33
9123	-2959	-0.33
9126	-2960	-0.33
9129	-2961	-0.33
9133	-2962	-0.25
9136	-2963	-0.33
9139	-2964	-0.33
9142	-2965	-0.33
9145	-2966	-0.33
9148	-2967	-0.33
9151	-2968	-0.33
9154	-2969	-0.33
9157	-2970	-0.33
9160	-2971	-0.33
9162	-2972	-0.50
9165	-2973	-0.33
9168	-2974	-0.33
9171	-2975	-0.33
9175	-2976	-0.25
9178	-2977	-0.33
9181	-2978	-0.33
9184	-2979	-0.33
9187	-2980	-0.33
9190	-2981	-0.33
9193	-2982	-0.33
9196	-2983	-0.33
9199	-2984	-0.33
9202	-2985	-0.33
9205	-2986	-0.33
9208	-2987	-0.33
9211	-2988	-0.33
9214	-2989	-0.33
9218	-2990	-0.25
9221	-2991	-0.33
9224	-2992	-0.33
9227	-2993	-0.33
9230	-2994	-0.33
9233	-2995	-0.33
9236	-2996	-0.33
9239	-2997	-0.33
9242	-2998	-0.33
9245	-2999	-0.33
9248	-3000	-0.33
9251	-3001	-0.33
9254	-3002	-0.33
9257	-3003	-0.33
9261	-3004	-0.25
9264	-3005	-0.33
9267	-3006	-0.33
9270	-3007	-0.33
9273	-3008	-0.33
9276	-3009	-0.33
9279	-3010	-0.33
9282	-3011	-0.33
9285	-3012	-0.33
9288	-3013	-0.33
9291	-3014	-0.33
9294	-3015	-0.33
9297	-3016	-0.33
9300	-3017	-0.33
9304	-3018	-0.25
9307	-3019	-0.33
9310	-3020	-0.33
9313	-3021	-0.33
9316	-3022	-0.33
9319	-3023	-0.33
9322	-3024	-0.33
9325	-3025	-0.33
9328	-3026	-0.33
9331	-3027	-0.33
9334	-3028	-0.33
9337	-3029	-0.33
9340	-3030	-0.33
9344	-3031	-0.25
9347	-3032	-0.33
9350	-3033	-0.33
9353	-3034	-0.33
9356	-3035	-0.33
9359	-3036	-0.33
9362	-3037	-0.33
9365	-3038	-0.33
9368	-3039	-0.33
9371	-3040	-0.33
9374	-3041	-0.33
9377	-3042	-0.33
9380	-3043	-0.33
9383	-3044	-0.33
9387	-3045	-0.25
9390	-3046	-0.33
9393	-3047	-0.33
9396	-3048	-0.33
9399	-3049	-0.33
9402	-3050	-0.33
9405	-3051	-0.33
9408	-3052	-0.33
9411	-3053	-0.33
9414	-3054	-0.33
9417	-3055	-0.33
9420	-3056	-0.33
9422	-3057	-0.50
9425	-3058	-0.33
9428	-3059	-0.33
9432	-3060	-0.25
9435	-3061	-0.33
9438	-3062	-0.33
9441	-3063	-0.33
9445	-3064	-0.25
9448	-3065	-0.33
9450	-3066	-0.50
9453	-3067	-0.33
9456	-3068	-0.33
9459	-3069	-0.33
9462	-3070	-0.33
9465	-3071	-0.33
9468	-3072	-0.33
9472	-3073	-0.25
9475	-3074	-0.33
9478	-3075	-0.33
9481	-3076	-0.33
9484	-3077	-0.33
9487	-3078	-0.33
9490	-3079	-0.33
9493	-3080	-0.33
9496	-3081	-0.33
9499	-3082	-0.33
9502	-3083	-0.33
9505	-3084	-0.33
9508	-3085	-0.33
9511	-3086	-0.33
9515	-3087	-0.25
9518	-3088	-0.33
9521	-3089	-0.33
9524	-3090	-0.33
9527	-3091	-0.33
9530	-3092	-0.33
9533	-3093	-0.33
9536	-3094	-0.33
9539	-3095	-0.33
9542	-3096	-0.33
9545	-3097	-0.33
9548	-3098	-0.33
9551	-3099	-0.33
9554	-3100	-0.33
9558	-3101	-0.25
9561	-3102	-0.33
9564	-3103	-0.33
9567	-3104	-0.33
9570	-3105	-0.33
9573	-3106	-0.33
9576	-3107	-0.33
9579	-3108	-0.33
9582	-3109	-0.33
9585	-3110	-0.33
9588	-3111	-0.33
9591	-3112	-0.33
9594	-3113	-0.33
9597	-3114	-0.33
9601	-3115	-0.25
9604	-3116	-0.33
9607	-3117	-0.33
9610	-3118	-0.33
9613	-3119	-0.33
9616	-3120	-0.33
9619	-3121	-0.33
9622	-3122	-0.33
9625	-3123	-0.33
9628	-3124	-0.33
9631	-3125	-0.33
9634	-3126	-0.33
9637	-3127	-0.33
9640	-3128	-0.33
9644	-3129	-0.25
9647	-3130	-0.33
9650	-3131	-0.33
9653	-3132	-0.33
9656	-3133	-0.33
9659	-3134	-0.33
9662	-3135	-0.33
9665	-3136	-0.33
9668	-3137	-0.33
9671	-3138	-0.33
9674	-3139	-0.33
9677	-3140	-0.33
9679	-3141	-0.50
9682	-3142	-0.33
9686	-3143	-0.25
9689	-3144	-0.33
9692	-3145	-0.33
9695	-3146	-0.33
9698	-3147	-0.33
9701	-3148	-0.33
9705	-3149	-0.25
9707	-3150	-0.50
9710	-3151	-0.33
9713	-3152	-0.33
9716	-3153	-0.33
9719	-3154	-0.33
9722	-3155	-0.33
9725	-3156	-0.33
9729	-3157	-0.25
9732	-3158	-0.33
9735	-3159	-0.33
9738	-3160	-0.33
9741	-3161	-0.33
9744	-3162	-0.33
9747	-3163	-0.33
9750	-3164	-0.33
9753	-3165	-0.33
9756	-3166	-0.33
9759	-3167	-0.33
9762	-3168	-0.33
9765	-3169	-0.33
9768	-3170	-0.33
9772	-3171	-0.25
9775	-3172	-0.33
9778	-3173	-0.33
9781	-3174	-0.33
9784	-3175	-0.33
9787	-3176	-0.33
9790	-3177	-0.33
9793	-3178	-0.33
9796	-3179	-0.33
9799	-3180	-0.33
9802	-3181	-0.33
9805	-3182	-0.33
9808	-3183	-0.33
9811	-3184	-0.33
9815	-3185	-0.25
9818	-3186	-0.33
9821	-3187	-0.33
9824	-3188	-0.33
9827	-3189	-0.33
9830	-3190	-0.33
9833	-3191	-0.33
9836	-3192	-0.33
9839	-3193	-0.33
9842	-3194	-0.33
9845	-3195	-0.33
9848	-3196	-0.33
9851	-3197	-0.33
9854	-3198	-0.33
9858	-3199	-0.25
9861	-3200	-0.33
9864	-3201	-0.33
9867	-3202	-0.33
9870	-3203	-0.33
9873	-3204	-0.33
9876	-3205	-0.33
9879	-3206	-0.33
9882	-3207	-0.33
9885	-3208	-0.33
9888	-3209	-0.33
9891	-3210	-0.33
9894	-3211	-0.33
9897	-3212	-0.33
9901	-3213	-0.25
9904	-3214	-0.33
9907	-3215	-0.33
9910	-3216	-0.33
9913	-3217	-0.33
9916	-3218	-0.33
9919	-3219	-0.33
9922	-3220	-0.33
9925	-3221	-0.33
9928	-3222	-0.33
9931	-3223	-0.33
9934	-3224	-0.33
9936	-3225	-0.50
9939	-3226	-0.33
9943	-3227	-0.25
9946	-3228	-0.33
9949	-3229	-0.33
9952	-3230	-0.33
9955	-3231	-0.33
9959	-3232	-0.25
9962	-3233	-0.33
9965	-3234	-0.33
9967	-3235	-0.50
9970	-3236	-0.33
9973	-3237	-0.33
9976	-3238	-0.33
9979	-3239	-0.33
9982	-3240	-0.33
9986	-3241	-0.25
9989	-3242	-0.33
9992	-3243	-0.33
9995	-3244	-0.33
9998	-3245	-0.33
10001	-3246	-0.33