17	-1	-0.06
26	-2	-0.11
33	-3	-0.14
40	-4	-0.14
47	-5	-0.14
52	-6	-0.20
57	-7	-0.20
62	-8	-0.20
67	-9	-0.20
72	-10	-0.20
77	-11	-0.20
81	-12	-0.25
87	-13	-0.17
91	-14	-0.25
95	-15	-0.25
99	-16	-0.25
103	-17	-0.25
107	-18	-0.25
111	-19	-0.25
115	-20	-0.25
119	-21	-0.25
123	-22	-0.25
128	-23	-0.20
131	-24	-0.33
135	-25	-0.25
139	-26	-0.25
143	-27	-0.25
146	-28	-0.33
150	-29	-0.25
153	-30	-0.33
157	-31	-0.25
161	-32	-0.25
164	-33	-0.33
168	-34	-0.25
172	-35	-0.25
176	-36	-0.25
179	-37	-0.33
183	-38	-0.25
186	-39	-0.33
190	-40	-0.25
193	-41	-0.33
197	-42	-0.25
200	-43	-0.33
203	-44	-0.33
207	-45	-0.25
210	-46	-0.33
215	-47	-0.20
218	-48	-0.33
222	-49	-0.25
225	-50	-0.33
228	-51	-0.33
232	-52	-0.25
235	-53	-0.33
238	-54	-0.33
242	-55	-0.25
245	-56	-0.33
248	-57	-0.33
251	-58	-0.33
256	-59	-0.20
259	-60	-0.33
263	-61	-0.25
266	-62	-0.33
269	-63	-0.33
272	-64	-0.33
276	-65	-0.25
279	-66	-0.33
282	-67	-0.33
285	-68	-0.33
289	-69	-0.25
292	-70	-0.33
295	-71	-0.33
300	-72	-0.20
303	-73	-0.33
306	-74	-0.33
309	-75	-0.33
313	-76	-0.25
316	-77	-0.33
319	-78	-0.33
322	-79	-0.33
325	-80	-0.33
329	-81	-0.25
332	-82	-0.33
335	-83	-0.33
339	-84	-0.25
343	-85	-0.25
346	-86	-0.33
349	-87	-0.33
352	-88	-0.33
356	-89	-0.25
359	-90	-0.33
362	-91	-0.33
365	-92	-0.33
368	-93	-0.33
372	-94	-0.25
375	-95	-0.33
378	-96	-0.33
381	-97	-0.33
386	-98	-0.20
389	-99	-0.33
392	-100	-0.33
395	-101	-0.33
398	-102	-0.33
402	-103	-0.25
405	-104	-0.33
408	-105	-0.33
411	-106	-0.33
414	-107	-0.33
418	-108	-0.25
421	-109	-0.33
424	-110	-0.33
428	-111	-0.25
431	-112	-0.33
435	-113	-0.25
438	-114	-0.33
441	-115	-0.33
444	-116	-0.33
447	-117	-0.33
451	-118	-0.25
454	-119	-0.33
457	-120	-0.33
460	-121	-0.33
463	-122	-0.33
467	-123	-0.25
471	-124	-0.25
474	-125	-0.33
477	-126	-0.33
480	-127	-0.33
483	-128	-0.33
487	-129	-0.25
490	-130	-0.33
493	-131	-0.33
496	-132	-0.33
499	-133	-0.33
503	-134	-0.25
506	-135	-0.33
509	-136	-0.33
513	-137	-0.25
516	-138	-0.33
519	-139	-0.33
523	-140	-0.25
526	-141	-0.33
529	-142	-0.33
532	-143	-0.33
535	-144	-0.33
538	-145	-0.33
542	-146	-0.25
545	-147	-0.33
548	-148	-0.33
551	-149	-0.33
555	-150	-0.25
558	-151	-0.33
562	-152	-0.25
565	-153	-0.33
568	-154	-0.33
571	-155	-0.33
574	-156	-0.33
578	-157	-0.25
581	-158	-0.33
584	-159	-0.33
587	-160	-0.33
590	-161	-0.33
593	-162	-0.33
596	-163	-0.33
601	-164	-0.20
604	-165	-0.33
607	-166	-0.33
610	-167	-0.33
613	-168	-0.33
617	-169	-0.25
620	-170	-0.33
623	-171	-0.33
626	-172	-0.33
629	-173	-0.33
632	-174	-0.33
635	-175	-0.33
640	-176	-0.20
643	-177	-0.33
646	-178	-0.33
649	-179	-0.33
652	-180	-0.33
656	-181	-0.25
659	-182	-0.33
662	-183	-0.33
665	-184	-0.33
668	-185	-0.33
671	-186	-0.33
674	-187	-0.33
678	-188	-0.25
681	-189	-0.33
685	-190	-0.25
688	-191	-0.33
692	-192	-0.25
695	-193	-0.33
698	-194	-0.33
701	-195	-0.33
704	-196	-0.33
707	-197	-0.33
710	-198	-0.33
714	-199	-0.25
717	-200	-0.33
720	-201	-0.33
723	-202	-0.33
727	-203	-0.25
731	-204	-0.25
734	-205	-0.33
737	-206	-0.33
740	-207	-0.33
743	-208	-0.33
746	-209	-0.33
750	-210	-0.25
753	-211	-0.33
756	-212	-0.33
759	-213	-0.33
762	-214	-0.33
766	-215	-0.25
770	-216	-0.25
773	-217	-0.33
776	-218	-0.33
779	-219	-0.33
782	-220	-0.33
786	-221	-0.25
789	-222	-0.33
792	-223	-0.33
795	-224	-0.33
798	-225	-0.33
801	-226	-0.33
805	-227	-0.25
808	-228	-0.33
812	-229	-0.25
815	-230	-0.33
818	-231	-0.33
822	-232	-0.25
825	-233	-0.33
828	-234	-0.33
831	-235	-0.33
834	-236	-0.33
837	-237	-0.33
841	-238	-0.25
844	-239	-0.33
847	-240	-0.33
850	-241	-0.33
854	-242	-0.25
858	-243	-0.25
861	-244	-0.33
864	-245	-0.33
867	-246	-0.33
870	-247	-0.33
873	-248	-0.33
877	-249	-0.25
880	-250	-0.33
883	-251	-0.33
886	-252	-0.33
889	-253	-0.33
893	-254	-0.25
897	-255	-0.25
900	-256	-0.33
903	-257	-0.33
906	-258	-0.33
909	-259	-0.33
912	-260	-0.33
916	-261	-0.25
919	-262	-0.33
922	-263	-0.33
925	-264	-0.33
928	-265	-0.33
932	-266	-0.25
935	-267	-0.33
939	-268	-0.25
942	-269	-0.33
945	-270	-0.33
948	-271	-0.33
952	-272	-0.25
955	-273	-0.33
958	-274	-0.33
961	-275	-0.33
964	-276	-0.33
968	-277	-0.25
971	-278	-0.33
974	-279	-0.33
977	-280	-0.33
980	-281	-0.33
984	-282	-0.25
987	-283	-0.33
991	-284	-0.25
994	-285	-0.33
997	-286	-0.33
1000	-287	-0.33
1003	-288	-0.33
1007	-289	-0.25
1010	-290	-0.33
1013	-291	-0.33
1016	-292	-0.33
1019	-293	-0.33
1022	-294	-0.33
1026	-295	-0.25
1030	-296	-0.25
1033	-297	-0.33
1036	-298	-0.33
1039	-299	-0.33
1042	-300	-0.33
1045	-301	-0.33
1049	-302	-0.25
1052	-303	-0.33
1055	-304	-0.33
1058	-305	-0.33
1061	-306	-0.33
1064	-307	-0.33
1069	-308	-0.20
1072	-309	-0.33
1075	-310	-0.33
1078	-311	-0.33
1081	-312	-0.33
1084	-313	-0.33
1088	-314	-0.25
1091	-315	-0.33
1094	-316	-0.33
1097	-317	-0.33
1100	-318	-0.33
1103	-319	-0.33
1107	-320	-0.25
1111	-321	-0.25
1114	-322	-0.33
1117	-323	-0.33
1120	-324	-0.33
1123	-325	-0.33
1127	-326	-0.25
1130	-327	-0.33
1133	-328	-0.33
1136	-329	-0.33
1139	-330	-0.33
1142	-331	-0.33
1145	-332	-0.33
1149	-333	-0.25
1153	-334	-0.25
1156	-335	-0.33
1159	-336	-0.33
1162	-337	-0.33
1166	-338	-0.25
1169	-339	-0.33
1172	-340	-0.33
1175	-341	-0.33
1178	-342	-0.33
1181	-343	-0.33
1184	-344	-0.33
1188	-345	-0.25
1191	-346	-0.33
1195	-347	-0.25
1198	-348	-0.33
1201	-349	-0.33
1205	-350	-0.25
1208	-351	-0.33
1211	-352	-0.33
1214	-353	-0.33
1217	-354	-0.33
1220	-355	-0.33
1223	-356	-0.33
1227	-357	-0.25
1230	-358	-0.33
1233	-359	-0.33
1236	-360	-0.33
1240	-361	-0.25
1244	-362	-0.25
1247	-363	-0.33
1250	-364	-0.33
1253	-365	-0.33
1256	-366	-0.33
1259	-367	-0.33
1263	-368	-0.25
1266	-369	-0.33
1269	-370	-0.33
1272	-371	-0.33
1275	-372	-0.33
1278	-373	-0.33
1283	-374	-0.20
1286	-375	-0.33
1289	-376	-0.33
1292	-377	-0.33
1295	-378	-0.33
1298	-379	-0.33
1302	-380	-0.25
1305	-381	-0.33
1308	-382	-0.33
1311	-383	-0.33
1314	-384	-0.33
1318	-385	-0.25
1321	-386	-0.33
1325	-387	-0.25
1328	-388	-0.33
1331	-389	-0.33
1334	-390	-0.33
1337	-391	-0.33
1341	-392	-0.25
1344	-393	-0.33
1347	-394	-0.33
1350	-395	-0.33
1353	-396	-0.33
1357	-397	-0.25
1360	-398	-0.33
1363	-399	-0.33
1367	-400	-0.25
1370	-401	-0.33
1373	-402	-0.33
1376	-403	-0.33
1380	-404	-0.25
1383	-405	-0.33
1386	-406	-0.33
1389	-407	-0.33
1392	-408	-0.33
1396	-409	-0.25
1399	-410	-0.33
1402	-411	-0.33
1405	-412	-0.33
1409	-413	-0.25
1412	-414	-0.33
1415	-415	-0.33
1419	-416	-0.25
1422	-417	-0.33
1425	-418	-0.33
1428	-419	-0.33
1431	-420	-0.33
1435	-421	-0.25
1438	-422	-0.33
1441	-423	-0.33
1444	-424	-0.33
1447	-425	-0.33
1451	-426	-0.25
1454	-427	-0.33
1458	-428	-0.25
1461	-429	-0.33
1464	-430	-0.33
1467	-431	-0.33
1470	-432	-0.33
1474	-433	-0.25
1477	-434	-0.33
1480	-435	-0.33
1483	-436	-0.33
1486	-437	-0.33
1489	-438	-0.33
1492	-439	-0.33
1497	-440	-0.20
1500	-441	-0.33
1503	-442	-0.33
1506	-443	-0.33
1509	-444	-0.33
1513	-445	-0.25
1516	-446	-0.33
1519	-447	-0.33
1522	-448	-0.33
1525	-449	-0.33
1528	-450	-0.33
1531	-451	-0.33
1536	-452	-0.20
1539	-453	-0.33
1542	-454	-0.33
1545	-455	-0.33
1548	-456	-0.33
1552	-457	-0.25
1555	-458	-0.33
1558	-459	-0.33
1561	-460	-0.33
1564	-461	-0.33
1567	-462	-0.33
1570	-463	-0.33
1574	-464	-0.25
1577	-465	-0.33
1581	-466	-0.25
1584	-467	-0.33
1587	-468	-0.33
1590	-469	-0.33
1594	-470	-0.25
1597	-471	-0.33
1600	-472	-0.33
1603	-473	-0.33
1606	-474	-0.33
1609	-475	-0.33
1612	-476	-0.33
1616	-477	-0.25
1619	-478	-0.33
1623	-479	-0.25
1626	-480	-0.33
1629	-481	-0.33
1633	-482	-0.25
1636	-483	-0.33
1639	-484	-0.33
1642	-485	-0.33
1645	-486	-0.33
1648	-487	-0.33
1651	-488	-0.33
1655	-489	-0.25
1658	-490	-0.33
1661	-491	-0.33
1665	-492	-0.25
1668	-493	-0.33
1671	-494	-0.33
1675	-495	-0.25
1678	-496	-0.33
1681	-497	-0.33
1684	-498	-0.33
1687	-499	-0.33
1690	-500	-0.33
1694	-501	-0.25
1697	-502	-0.33
1700	-503	-0.33
1703	-504	-0.33
1707	-505	-0.25
1710	-506	-0.33
1714	-507	-0.25
1717	-508	-0.33
1720	-509	-0.33
1723	-510	-0.33
1726	-511	-0.33
1729	-512	-0.33
1732	-513	-0.33
1736	-514	-0.25
1739	-515	-0.33
1742	-516	-0.33
1745	-517	-0.33
1748	-518	-0.33
1752	-519	-0.25
1756	-520	-0.25
1759	-521	-0.33
1762	-522	-0.33
1765	-523	-0.33
1768	-524	-0.33
1771	-525	-0.33
1775	-526	-0.25
1778	-527	-0.33
1781	-528	-0.33
1784	-529	-0.33
1787	-530	-0.33
1790	-531	-0.33
1795	-532	-0.20
1798	-533	-0.33
1801	-534	-0.33
1804	-535	-0.33
1807	-536	-0.33
1810	-537	-0.33
1813	-538	-0.33
1817	-539	-0.25
1820	-540	-0.33
1823	-541	-0.33
1826	-542	-0.33
1829	-543	-0.33
1832	-544	-0.33
1837	-545	-0.20
1840	-546	-0.33
1843	-547	-0.33
1846	-548	-0.33
1849	-549	-0.33
1852	-550	-0.33
1856	-551	-0.25
1859	-552	-0.33
1862	-553	-0.33
1865	-554	-0.33
1868	-555	-0.33
1871	-556	-0.33
1875	-557	-0.25
1879	-558	-0.25
1882	-559	-0.33
1885	-560	-0.33
1888	-561	-0.33
1891	-562	-0.33
1895	-563	-0.25
1898	-564	-0.33
1901	-565	-0.33
1904	-566	-0.33
1907	-567	-0.33
1910	-568	-0.33
1913	-569	-0.33
1917	-570	-0.25
1921	-571	-0.25
1924	-572	-0.33
1927	-573	-0.33
1930	-574	-0.33
1934	-575	-0.25
1937	-576	-0.33
1940	-577	-0.33
1943	-578	-0.33
1946	-579	-0.33
1949	-580	-0.33
1952	-581	-0.33
1956	-582	-0.25
1959	-583	-0.33
1963	-584	-0.25
1966	-585	-0.33
1969	-586	-0.33
1973	-587	-0.25
1976	-588	-0.33
1979	-589	-0.33
1982	-590	-0.33
1985	-591	-0.33
1988	-592	-0.33
1991	-593	-0.33
1995	-594	-0.25
1998	-595	-0.33
2001	-596	-0.33
2004	-597	-0.33
2008	-598	-0.25
2012	-599	-0.25
2015	-600	-0.33
2018	-601	-0.33
2021	-602	-0.33
2024	-603	-0.33
2027	-604	-0.33
2030	-605	-0.33
2034	-606	-0.25
2037	-607	-0.33
2040	-608	-0.33
2043	-609	-0.33
2046	-610	-0.33
2050	-611	-0.25
2054	-612	-0.25
2057	-613	-0.33
2060	-614	-0.33
2063	-615	-0.33
2066	-616	-0.33
2069	-617	-0.33
2072	-618	-0.33
2076	-619	-0.25
2079	-620	-0.33
2082	-621	-0.33
2085	-622	-0.33
2088	-623	-0.33
2093	-624	-0.20
2096	-625	-0.33
2099	-626	-0.33
2102	-627	-0.33
2105	-628	-0.33
2108	-629	-0.33
2111	-630	-0.33
2115	-631	-0.25
2118	-632	-0.33
2121	-633	-0.33
2124	-634	-0.33
2127	-635	-0.33
2130	-636	-0.33
2135	-637	-0.20
2138	-638	-0.33
2141	-639	-0.33
2144	-640	-0.33
2147	-641	-0.33
2150	-642	-0.33
2153	-643	-0.33
2157	-644	-0.25
2160	-645	-0.33
2163	-646	-0.33
2166	-647	-0.33
2169	-648	-0.33
2173	-649	-0.25
2177	-650	-0.25
2180	-651	-0.33
2183	-652	-0.33
2186	-653	-0.33
2189	-654	-0.33
2192	-655	-0.33
2196	-656	-0.25
2199	-657	-0.33
2202	-658	-0.33
2205	-659	-0.33
2208	-660	-0.33
2211	-661	-0.33
2215	-662	-0.25
2219	-663	-0.25
2222	-664	-0.33
2225	-665	-0.33
2228	-666	-0.33
2231	-667	-0.33
2234	-668	-0.33
2238	-669	-0.25
2241	-670	-0.33
2244	-671	-0.33
2247	-672	-0.33
2250	-673	-0.33
2254	-674	-0.25
2257	-675	-0.33
2260	-676	-0.33
2264	-677	-0.25
2267	-678	-0.33
2270	-679	-0.33
2273	-680	-0.33
2277	-681	-0.25
2280	-682	-0.33
2283	-683	-0.33
2286	-684	-0.33
2289	-685	-0.33
2292	-686	-0.33
2296	-687	-0.25
2299	-688	-0.33
2302	-689	-0.33
2306	-690	-0.25
2309	-691	-0.33
2312	-692	-0.33
2315	-693	-0.33
2319	-694	-0.25
2322	-695	-0.33
2325	-696	-0.33
2328	-697	-0.33
2331	-698	-0.33
2334	-699	-0.33
2338	-700	-0.25
2341	-701	-0.33
2344	-702	-0.33
2348	-703	-0.25
2351	-704	-0.33
2354	-705	-0.33
2357	-706	-0.33
2361	-707	-0.25
2364	-708	-0.33
2367	-709	-0.33
2370	-710	-0.33
2373	-711	-0.33
2376	-712	-0.33
2379	-713	-0.33
2383	-714	-0.25
2386	-715	-0.33
2390	-716	-0.25
2393	-717	-0.33
2396	-718	-0.33
2399	-719	-0.33
2403	-720	-0.25
2406	-721	-0.33
2409	-722	-0.33
2412	-723	-0.33
2415	-724	-0.33
2418	-725	-0.33
2421	-726	-0.33
2425	-727	-0.25
2428	-728	-0.33
2432	-729	-0.25
2435	-730	-0.33
2438	-731	-0.33
2442	-732	-0.25
2445	-733	-0.33
2448	-734	-0.33
2451	-735	-0.33
2454	-736	-0.33
2457	-737	-0.33
2460	-738	-0.33
2463	-739	-0.33
2467	-740	-0.25
2470	-741	-0.33
2473	-742	-0.33
2477	-743	-0.25
2480	-744	-0.33
2484	-745	-0.25
2487	-746	-0.33
2490	-747	-0.33
2493	-748	-0.33
2496	-749	-0.33
2499	-750	-0.33
2502	-751	-0.33
2506	-752	-0.25
2509	-753	-0.33
2512	-754	-0.33
2515	-755	-0.33
2519	-756	-0.25
2522	-757	-0.33
2526	-758	-0.25
2529	-759	-0.33
2532	-760	-0.33
2535	-761	-0.33
2538	-762	-0.33
2541	-763	-0.33
2544	-764	-0.33
2548	-765	-0.25
2551	-766	-0.33
2554	-767	-0.33
2557	-768	-0.33
2561	-769	-0.25
2564	-770	-0.33
2568	-771	-0.25
2571	-772	-0.33
2574	-773	-0.33
2577	-774	-0.33
2580	-775	-0.33
2583	-776	-0.33
2586	-777	-0.33
2590	-778	-0.25
2593	-779	-0.33
2596	-780	-0.33
2599	-781	-0.33
2603	-782	-0.25
2606	-783	-0.33
2610	-784	-0.25
2613	-785	-0.33
2616	-786	-0.33
2619	-787	-0.33
2622	-788	-0.33
2625	-789	-0.33
2628	-790	-0.33
2632	-791	-0.25
2635	-792	-0.33
2638	-793	-0.33
2641	-794	-0.33
2644	-795	-0.33
2648	-796	-0.25
2651	-797	-0.33
2655	-798	-0.25
2658	-799	-0.33
2661	-800	-0.33
2664	-801	-0.33
2667	-802	-0.33
2670	-803	-0.33
2674	-804	-0.25
2677	-805	-0.33
2680	-806	-0.33
2683	-807	-0.33
2686	-808	-0.33
2690	-809	-0.25
2693	-810	-0.33
2697	-811	-0.25
2700	-812	-0.33
2703	-813	-0.33
2706	-814	-0.33
2709	-815	-0.33
2712	-816	-0.33
2716	-817	-0.25
2719	-818	-0.33
2722	-819	-0.33
2725	-820	-0.33
2728	-821	-0.33
2732	-822	-0.25
2735	-823	-0.33
2739	-824	-0.25
2742	-825	-0.33
2745	-826	-0.33
2748	-827	-0.33
2751	-828	-0.33
2754	-829	-0.33
2758	-830	-0.25
2761	-831	-0.33
2764	-832	-0.33
2767	-833	-0.33
2770	-834	-0.33
2774	-835	-0.25
2777	-836	-0.33
2781	-837	-0.25
2784	-838	-0.33
2787	-839	-0.33
2790	-840	-0.33
2793	-841	-0.33
2796	-842	-0.33
2800	-843	-0.25
2803	-844	-0.33
2806	-845	-0.33
2809	-846	-0.33
2812	-847	-0.33
2816	-848	-0.25
2819	-849	-0.33
2823	-850	-0.25
2826	-851	-0.33
2829	-852	-0.33
2832	-853	-0.33
2835	-854	-0.33
2838	-855	-0.33
2841	-856	-0.33
2845	-857	-0.25
2848	-858	-0.33
2851	-859	-0.33
2854	-860	-0.33
2857	-861	-0.33
2861	-862	-0.25
2865	-863	-0.25
2868	-864	-0.33
2871	-865	-0.33
2874	-866	-0.33
2877	-867	-0.33
2880	-868	-0.33
2883	-869	-0.33
2887	-870	-0.25
2890	-871	-0.33
2893	-872	-0.33
2896	-873	-0.33
2899	-874	-0.33
2903	-875	-0.25
2907	-876	-0.25
2910	-877	-0.33
2913	-878	-0.33
2916	-879	-0.33
2919	-880	-0.33
2922	-881	-0.33
2925	-882	-0.33
2929	-883	-0.25
2932	-884	-0.33
2935	-885	-0.33
2938	-886	-0.33
2941	-887	-0.33
2945	-888	-0.25
2949	-889	-0.25
2952	-890	-0.33
2955	-891	-0.33
2958	-892	-0.33
2961	-893	-0.33
2964	-894	-0.33
2967	-895	-0.33
2971	-896	-0.25
2974	-897	-0.33
2977	-898	-0.33
2980	-899	-0.33
2983	-900	-0.33
2987	-901	-0.25
2991	-902	-0.25
2994	-903	-0.33
2997	-904	-0.33
3000	-905	-0.33
3003	-906	-0.33
3006	-907	-0.33
3009	-908	-0.33
3012	-909	-0.33
3016	-910	-0.25
3019	-911	-0.33
3022	-912	-0.33
3025	-913	-0.33
3028	-914	-0.33
3032	-915	-0.25
3035	-916	-0.33
3038	-917	-0.33
3041	-918	-0.33
3044	-919	-0.33
3047	-920	-0.33
3050	-921	-0.33
3053	-922	-0.33
3056	-923	-0.33
3059	-924	-0.33
3062	-925	-0.33
3065	-926	-0.33
3068	-927	-0.33
3072	-928	-0.25
3075	-929	-0.33
3078	-930	-0.33
3081	-931	-0.33
3084	-932	-0.33
3087	-933	-0.33
3090	-934	-0.33
3093	-935	-0.33
3096	-936	-0.33
3099	-937	-0.33
3102	-938	-0.33
3104	-939	-0.50
3107	-940	-0.33
3110	-941	-0.33
3113	-942	-0.33
3117	-943	-0.25
3120	-944	-0.33
3123	-945	-0.33
3126	-946	-0.33
3129	-947	-0.33
3132	-948	-0.33
3135	-949	-0.33
3138	-950	-0.33
3141	-951	-0.33
3143	-952	-0.50
3146	-953	-0.33
3149	-954	-0.33
3152	-955	-0.33
3155	-956	-0.33
3159	-957	-0.25
3162	-958	-0.33
3165	-959	-0.33
3168	-960	-0.33
3171	-961	-0.33
3173	-962	-0.50
3176	-963	-0.33
3179	-964	-0.33
3182	-965	-0.33
3185	-966	-0.33
3188	-967	-0.33
3191	-968	-0.33
3194	-969	-0.33
3196	-970	-0.50
3200	-971	-0.25
3203	-972	-0.33
3206	-973	-0.33
3209	-974	-0.33
3212	-975	-0.33
3215	-976	-0.33
3218	-977	-0.33
3220	-978	-0.50
3223	-979	-0.33
3226	-980	-0.33
3229	-981	-0.33
3232	-982	-0.33
3235	-983	-0.33
3238	-984	-0.33
3241	-985	-0.33
3245	-986	-0.25
3247	-987	-0.50
3250	-988	-0.33
3253	-989	-0.33
3256	-990	-0.33
3259	-991	-0.33
3262	-992	-0.33
3265	-993	-0.33
3267	-994	-0.50
3270	-995	-0.33
3273	-996	-0.33
3276	-997	-0.33
3279	-998	-0.33
3282	-999	-0.33
3286	-1000	-0.25
3288	-1001	-0.50
3291	-1002	-0.33
3294	-1003	-0.33
3297	-1004	-0.33
3300	-1005	-0.33
3303	-1006	-0.33
3306	-1007	-0.33
3309	-1008	-0.33
3312	-1009	-0.33
3314	-1010	-0.50
3317	-1011	-0.33
3320	-1012	-0.33
3323	-1013	-0.33
3326	-1014	-0.33
3330	-1015	-0.25
3332	-1016	-0.50
3335	-1017	-0.33
3338	-1018	-0.33
3341	-1019	-0.33
3344	-1020	-0.33
3347	-1021	-0.33
3350	-1022	-0.33
3353	-1023	-0.33
3355	-1024	-0.50
3358	-1025	-0.33
3361	-1026	-0.33
3364	-1027	-0.33
3367	-1028	-0.33
3371	-1029	-0.25
3374	-1030	-0.33
3376	-1031	-0.50
3379	-1032	-0.33
3382	-1033	-0.33
3385	-1034	-0.33
3388	-1035	-0.33
3391	-1036	-0.33
3394	-1037	-0.33
3396	-1038	-0.50
3399	-1039	-0.33
3402	-1040	-0.33
3405	-1041	-0.33
3408	-1042	-0.33
3411	-1043	-0.33
3415	-1044	-0.25
3418	-1045	-0.33
3420	-1046	-0.50
3423	-1047	-0.33
3426	-1048	-0.33
3429	-1049	-0.33
3432	-1050	-0.33
3435	-1051	-0.33
3438	-1052	-0.33
3440	-1053	-0.50
3443	-1054	-0.33
3446	-1055	-0.33
3449	-1056	-0.33
3452	-1057	-0.33
3456	-1058	-0.25
3459	-1059	-0.33
3461	-1060	-0.50
3464	-1061	-0.33
3467	-1062	-0.33
3470	-1063	-0.33
3473	-1064	-0.33
3476	-1065	-0.33
3479	-1066	-0.33
3481	-1067	-0.50
3484	-1068	-0.33
3487	-1069	-0.33
3490	-1070	-0.33
3493	-1071	-0.33
3496	-1072	-0.33
3500	-1073	-0.25
3502	-1074	-0.50
3505	-1075	-0.33
3508	-1076	-0.33
3511	-1077	-0.33
3514	-1078	-0.33
3517	-1079	-0.33
3520	-1080	-0.33
3523	-1081	-0.33
3525	-1082	-0.50
3528	-1083	-0.33
3531	-1084	-0.33
3534	-1085	-0.33
3537	-1086	-0.33
3540	-1087	-0.33
3543	-1088	-0.33
3546	-1089	-0.33
3549	-1090	-0.33
3552	-1091	-0.33
3555	-1092	-0.33
3558	-1093	-0.33
3561	-1094	-0.33
3564	-1095	-0.33
3566	-1096	-0.50
3569	-1097	-0.33
3572	-1098	-0.33
3575	-1099	-0.33
3578	-1100	-0.33
3581	-1101	-0.33
3584	-1102	-0.33
3587	-1103	-0.33
3590	-1104	-0.33
3593	-1105	-0.33
3596	-1106	-0.33
3599	-1107	-0.33
3602	-1108	-0.33
3604	-1109	-0.50
3607	-1110	-0.33
3610	-1111	-0.33
3613	-1112	-0.33
3616	-1113	-0.33
3619	-1114	-0.33
3622	-1115	-0.33
3625	-1116	-0.33
3628	-1117	-0.33
3631	-1118	-0.33
3634	-1119	-0.33
3637	-1120	-0.33
3640	-1121	-0.33
3643	-1122	-0.33
3645	-1123	-0.50
3648	-1124	-0.33
3651	-1125	-0.33
3654	-1126	-0.33
3657	-1127	-0.33
3660	-1128	-0.33
3663	-1129	-0.33
3666	-1130	-0.33
3668	-1131	-0.50
3672	-1132	-0.25
3675	-1133	-0.33
3678	-1134	-0.33
3681	-1135	-0.33
3684	-1136	-0.33
3686	-1137	-0.50
3689	-1138	-0.33
3692	-1139	-0.33
3695	-1140	-0.33
3698	-1141	-0.33
3701	-1142	-0.33
3704	-1143	-0.33
3707	-1144	-0.33
3709	-1145	-0.50
3713	-1146	-0.25
3716	-1147	-0.33
3719	-1148	-0.33
3722	-1149	-0.33
3725	-1150	-0.33
3728	-1151	-0.33
3730	-1152	-0.50
3733	-1153	-0.33
3736	-1154	-0.33
3739	-1155	-0.33
3742	-1156	-0.33
3745	-1157	-0.33
3748	-1158	-0.33
3750	-1159	-0.50
3753	-1160	-0.33
3757	-1161	-0.25
3760	-1162	-0.33
3763	-1163	-0.33
3766	-1164	-0.33
3769	-1165	-0.33
3772	-1166	-0.33
3774	-1167	-0.50
3777	-1168	-0.33
3780	-1169	-0.33
3783	-1170	-0.33
3786	-1171	-0.33
3789	-1172	-0.33
3791	-1173	-0.50
3794	-1174	-0.33
3798	-1175	-0.25
3801	-1176	-0.33
3804	-1177	-0.33
3807	-1178	-0.33
3810	-1179	-0.33
3813	-1180	-0.33
3815	-1181	-0.50
3818	-1182	-0.33
3821	-1183	-0.33
3824	-1184	-0.33
3827	-1185	-0.33
3830	-1186	-0.33
3833	-1187	-0.33
3835	-1188	-0.50
3838	-1189	-0.33
3842	-1190	-0.25
3845	-1191	-0.33
3848	-1192	-0.33
3851	-1193	-0.33
3854	-1194	-0.33
3856	-1195	-0.50
3859	-1196	-0.33
3862	-1197	-0.33
3865	-1198	-0.33
3868	-1199	-0.33
3871	-1200	-0.33
3874	-1201	-0.33
3877	-1202	-0.33
3879	-1203	-0.50
3883	-1204	-0.25
3886	-1205	-0.33
3889	-1206	-0.33
3892	-1207	-0.33
3895	-1208	-0.33
3897	-1209	-0.50
3900	-1210	-0.33
3903	-1211	-0.33
3906	-1212	-0.33
3909	-1213	-0.33
3912	-1214	-0.33
3915	-1215	-0.33
3917	-1216	-0.50
3920	-1217	-0.33
3923	-1218	-0.33
3927	-1219	-0.25
3930	-1220	-0.33
3933	-1221	-0.33
3936	-1222	-0.33
3938	-1223	-0.50
3941	-1224	-0.33
3944	-1225	-0.33
3947	-1226	-0.33
3950	-1227	-0.33
3953	-1228	-0.33
3955	-1229	-0.50
3958	-1230	-0.33
3961	-1231	-0.33
3964	-1232	-0.33
3968	-1233	-0.25
3971	-1234	-0.33
3974	-1235	-0.33
3977	-1236	-0.33
3979	-1237	-0.50
3982	-1238	-0.33
3985	-1239	-0.33
3988	-1240	-0.33
3991	-1241	-0.33
3994	-1242	-0.33
3996	-1243	-0.50
3999	-1244	-0.33
4002	-1245	-0.33
4005	-1246	-0.33
4008	-1247	-0.33
4012	-1248	-0.25
4015	-1249	-0.33
4018	-1250	-0.33
4020	-1251	-0.50
4023	-1252	-0.33
4026	-1253	-0.33
4029	-1254	-0.33
4032	-1255	-0.33
4035	-1256	-0.33
4037	-1257	-0.50
4040	-1258	-0.33
4043	-1259	-0.33
4046	-1260	-0.33
4049	-1261	-0.33
4052	-1262	-0.33
4056	-1263	-0.25
4058	-1264	-0.50
4061	-1265	-0.33
4064	-1266	-0.33
4067	-1267	-0.33
4070	-1268	-0.33
4073	-1269	-0.33
4076	-1270	-0.33
4078	-1271	-0.50
4081	-1272	-0.33
4084	-1273	-0.33
4087	-1274	-0.33
4090	-1275	-0.33
4093	-1276	-0.33
4096	-1277	-0.33
4099	-1278	-0.33
4102	-1279	-0.33
4105	-1280	-0.33
4108	-1281	-0.33
4111	-1282	-0.33
4114	-1283	-0.33
4117	-1284	-0.33
4119	-1285	-0.50
4122	-1286	-0.33
4125	-1287	-0.33
4128	-1288	-0.33
4131	-1289	-0.33
4134	-1290	-0.33
4136	-1291	-0.50
4140	-1292	-0.25
4143	-1293	-0.33
4146	-1294	-0.33
4149	-1295	-0.33
4152	-1296	-0.33
4155	-1297	-0.33
4158	-1298	-0.33
4160	-1299	-0.50
4163	-1300	-0.33
4166	-1301	-0.33
4169	-1302	-0.33
4172	-1303	-0.33
4175	-1304	-0.33
4177	-1305	-0.50
4180	-1306	-0.33
4184	-1307	-0.25
4187	-1308	-0.33
4190	-1309	-0.33
4193	-1310	-0.33
4196	-1311	-0.33
4199	-1312	-0.33
4201	-1313	-0.50
4204	-1314	-0.33
4207	-1315	-0.33
4210	-1316	-0.33
4213	-1317	-0.33
4216	-1318	-0.33
4219	-1319	-0.33
4221	-1320	-0.50
4225	-1321	-0.25
4228	-1322	-0.33
4231	-1323	-0.33
4234	-1324	-0.33
4237	-1325	-0.33
4239	-1326	-0.50
4242	-1327	-0.33
4245	-1328	-0.33
4248	-1329	-0.33
4251	-1330	-0.33
4254	-1331	-0.33
4257	-1332	-0.33
4260	-1333	-0.33
4262	-1334	-0.50
4265	-1335	-0.33
4269	-1336	-0.25
4272	-1337	-0.33
4275	-1338	-0.33
4278	-1339	-0.33
4281	-1340	-0.33
4283	-1341	-0.50
4286	-1342	-0.33
4289	-1343	-0.33
4292	-1344	-0.33
4295	-1345	-0.33
4298	-1346	-0.33
4301	-1347	-0.33
4303	-1348	-0.50
4306	-1349	-0.33
4310	-1350	-0.25
4313	-1351	-0.33
4316	-1352	-0.33
4319	-1353	-0.33
4322	-1354	-0.33
4324	-1355	-0.50
4327	-1356	-0.33
4330	-1357	-0.33
4333	-1358	-0.33
4336	-1359	-0.33
4339	-1360	-0.33
4341	-1361	-0.50
4344	-1362	-0.33
4347	-1363	-0.33
4350	-1364	-0.33
4354	-1365	-0.25
4357	-1366	-0.33
4360	-1367	-0.33
4363	-1368	-0.33
4365	-1369	-0.50
4368	-1370	-0.33
4371	-1371	-0.33
4374	-1372	-0.33
4377	-1373	-0.33
4380	-1374	-0.33
4383	-1375	-0.33
4385	-1376	-0.50
4388	-1377	-0.33
4391	-1378	-0.33
4395	-1379	-0.25
4398	-1380	-0.33
4401	-1381	-0.33
4404	-1382	-0.33
4406	-1383	-0.50
4409	-1384	-0.33
4412	-1385	-0.33
4415	-1386	-0.33
4418	-1387	-0.33
4421	-1388	-0.33
4424	-1389	-0.33
4426	-1390	-0.50
4429	-1391	-0.33
4432	-1392	-0.33
4435	-1393	-0.33
4439	-1394	-0.25
4442	-1395	-0.33
4445	-1396	-0.33
4447	-1397	-0.50
4450	-1398	-0.33
4453	-1399	-0.33
4456	-1400	-0.33
4459	-1401	-0.33
4462	-1402	-0.33
4465	-1403	-0.33
4468	-1404	-0.33
4470	-1405	-0.50
4473	-1406	-0.33
4476	-1407	-0.33
4480	-1408	-0.25
4483	-1409	-0.33
4486	-1410	-0.33
4488	-1411	-0.50
4491	-1412	-0.33
4494	-1413	-0.33
4497	-1414	-0.33
4500	-1415	-0.33
4503	-1416	-0.33
4506	-1417	-0.33
4508	-1418	-0.50
4511	-1419	-0.33
4514	-1420	-0.33
4517	-1421	-0.33
4520	-1422	-0.33
4524	-1423	-0.25
4527	-1424	-0.33
4529	-1425	-0.50
4532	-1426	-0.33
4535	-1427	-0.33
4538	-1428	-0.33
4541	-1429	-0.33
4544	-1430	-0.33
4547	-1431	-0.33
4549	-1432	-0.50
4552	-1433	-0.33
4555	-1434	-0.33
4558	-1435	-0.33
4561	-1436	-0.33
4564	-1437	-0.33
4567	-1438	-0.33
4570	-1439	-0.33
4573	-1440	-0.33
4576	-1441	-0.33
4579	-1442	-0.33
4582	-1443	-0.33
4585	-1444	-0.33
4587	-1445	-0.50
4590	-1446	-0.33
4593	-1447	-0.33
4596	-1448	-0.33
4599	-1449	-0.33
4602	-1450	-0.33
4605	-1451	-0.33
4609	-1452	-0.25
4611	-1453	-0.50
4614	-1454	-0.33
4617	-1455	-0.33
4620	-1456	-0.33
4623	-1457	-0.33
4626	-1458	-0.33
4628	-1459	-0.50
4631	-1460	-0.33
4634	-1461	-0.33
4637	-1462	-0.33
4640	-1463	-0.33
4643	-1464	-0.33
4646	-1465	-0.33
4649	-1466	-0.33
4652	-1467	-0.33
4655	-1468	-0.33
4658	-1469	-0.33
4661	-1470	-0.33
4664	-1471	-0.33
4667	-1472	-0.33
4669	-1473	-0.50
4672	-1474	-0.33
4675	-1475	-0.33
4678	-1476	-0.33
4681	-1477	-0.33
4684	-1478	-0.33
4687	-1479	-0.33
4690	-1480	-0.33
4692	-1481	-0.50
4696	-1482	-0.25
4699	-1483	-0.33
4702	-1484	-0.33
4705	-1485	-0.33
4708	-1486	-0.33
4711	-1487	-0.33
4713	-1488	-0.50
4716	-1489	-0.33
4719	-1490	-0.33
4722	-1491	-0.33
4725	-1492	-0.33
4728	-1493	-0.33
4731	-1494	-0.33
4733	-1495	-0.50
4737	-1496	-0.25
4740	-1497	-0.33
4743	-1498	-0.33
4746	-1499	-0.33
4749	-1500	-0.33
4752	-1501	-0.33
4755	-1502	-0.33
4757	-1503	-0.50
4760	-1504	-0.33
4763	-1505	-0.33
4766	-1506	-0.33
4769	-1507	-0.33
4772	-1508	-0.33
4774	-1509	-0.50
4777	-1510	-0.33
4781	-1511	-0.25
4784	-1512	-0.33
4787	-1513	-0.33
4790	-1514	-0.33
4793	-1515	-0.33
4795	-1516	-0.50
4798	-1517	-0.33
4801	-1518	-0.33
4804	-1519	-0.33
4807	-1520	-0.33
4810	-1521	-0.33
4813	-1522	-0.33
4815	-1523	-0.50
4818	-1524	-0.33
4822	-1525	-0.25
4825	-1526	-0.33
4828	-1527	-0.33
4831	-1528	-0.33
4834	-1529	-0.33
4836	-1530	-0.50
4839	-1531	-0.33
4842	-1532	-0.33
4845	-1533	-0.33
4848	-1534	-0.33
4851	-1535	-0.33
4854	-1536	-0.33
4857	-1537	-0.33
4859	-1538	-0.50
4862	-1539	-0.33
4866	-1540	-0.25
4869	-1541	-0.33
4872	-1542	-0.33
4875	-1543	-0.33
4877	-1544	-0.50
4880	-1545	-0.33
4883	-1546	-0.33
4886	-1547	-0.33
4889	-1548	-0.33
4892	-1549	-0.33
4895	-1550	-0.33
4897	-1551	-0.50
4900	-1552	-0.33
4903	-1553	-0.33
4907	-1554	-0.25
4910	-1555	-0.33
4913	-1556	-0.33
4916	-1557	-0.33
4918	-1558	-0.50
4921	-1559	-0.33
4924	-1560	-0.33
4927	-1561	-0.33
4930	-1562	-0.33
4933	-1563	-0.33
4936	-1564	-0.33
4938	-1565	-0.50
4941	-1566	-0.33
4944	-1567	-0.33
4947	-1568	-0.33
4951	-1569	-0.25
4954	-1570	-0.33
4957	-1571	-0.33
4959	-1572	-0.50
4962	-1573	-0.33
4965	-1574	-0.33
4968	-1575	-0.33
4971	-1576	-0.33
4974	-1577	-0.33
4976	-1578	-0.50
4979	-1579	-0.33
4982	-1580	-0.33
4985	-1581	-0.33
4988	-1582	-0.33
4992	-1583	-0.25
4995	-1584	-0.33
4997	-1585	-0.50
5000	-1586	-0.33
5003	-1587	-0.33
5006	-1588	-0.33
5009	-1589	-0.33
5012	-1590	-0.33
5014	-1591	-0.50
5017	-1592	-0.33
5020	-1593	-0.33
5023	-1594	-0.33
5026	-1595	-0.33
5029	-1596	-0.33
5032	-1597	-0.33
5036	-1598	-0.25
5038	-1599	-0.50
5041	-1600	-0.33
5044	-1601	-0.33
5047	-1602	-0.33
5050	-1603	-0.33
5053	-1604	-0.33
5055	-1605	-0.50
5058	-1606	-0.33
5061	-1607	-0.33
5064	-1608	-0.33
5067	-1609	-0.33
5070	-1610	-0.33
5072	-1611	-0.50
5075	-1612	-0.33
5079	-1613	-0.25
5082	-1614	-0.33
5085	-1615	-0.33
5088	-1616	-0.33
5091	-1617	-0.33
5093	-1618	-0.50
5096	-1619	-0.33
5099	-1620	-0.33
5102	-1621	-0.33
5105	-1622	-0.33
5108	-1623	-0.33
5110	-1624	-0.50
5113	-1625	-0.33
5116	-1626	-0.33
5120	-1627	-0.25
5123	-1628	-0.33
5126	-1629	-0.33
5129	-1630	-0.33
5131	-1631	-0.50
5134	-1632	-0.33
5137	-1633	-0.33
5140	-1634	-0.33
5143	-1635	-0.33
5146	-1636	-0.33
5149	-1637	-0.33
5151	-1638	-0.50
5154	-1639	-0.33
5157	-1640	-0.33
5160	-1641	-0.33
5164	-1642	-0.25
5167	-1643	-0.33
5170	-1644	-0.33
5173	-1645	-0.33
5175	-1646	-0.50
5178	-1647	-0.33
5181	-1648	-0.33
5184	-1649	-0.33
5187	-1650	-0.33
5190	-1651	-0.33
5192	-1652	-0.50
5195	-1653	-0.33
5198	-1654	-0.33
5201	-1655	-0.33
5204	-1656	-0.33
5208	-1657	-0.25
5211	-1658	-0.33
5213	-1659	-0.50
5216	-1660	-0.33
5219	-1661	-0.33
5222	-1662	-0.33
5225	-1663	-0.33
5228	-1664	-0.33
5231	-1665	-0.33
5233	-1666	-0.50
5236	-1667	-0.33
5239	-1668	-0.33
5242	-1669	-0.33
5245	-1670	-0.33
5249	-1671	-0.25
5252	-1672	-0.33
5254	-1673	-0.50
5257	-1674	-0.33
5260	-1675	-0.33
5263	-1676	-0.33
5266	-1677	-0.33
5269	-1678	-0.33
5272	-1679	-0.33
5274	-1680	-0.50
5277	-1681	-0.33
5280	-1682	-0.33
5283	-1683	-0.33
5286	-1684	-0.33
5289	-1685	-0.33
5292	-1686	-0.33
5295	-1687	-0.33
5298	-1688	-0.33
5301	-1689	-0.33
5304	-1690	-0.33
5307	-1691	-0.33
5310	-1692	-0.33
5313	-1693	-0.33
5315	-1694	-0.50
5318	-1695	-0.33
5321	-1696	-0.33
5324	-1697	-0.33
5327	-1698	-0.33
5330	-1699	-0.33
5332	-1700	-0.50
5336	-1701	-0.25
5339	-1702	-0.33
5342	-1703	-0.33
5345	-1704	-0.33
5348	-1705	-0.33
5351	-1706	-0.33
5353	-1707	-0.50
5356	-1708	-0.33
5359	-1709	-0.33
5362	-1710	-0.33
5365	-1711	-0.33
5368	-1712	-0.33
5371	-1713	-0.33
5373	-1714	-0.50
5377	-1715	-0.25
5380	-1716	-0.33
5383	-1717	-0.33
5386	-1718	-0.33
5389	-1719	-0.33
5392	-1720	-0.33
5394	-1721	-0.50
5397	-1722	-0.33
5400	-1723	-0.33
5403	-1724	-0.33
5406	-1725	-0.33
5409	-1726	-0.33
5411	-1727	-0.50
5414	-1728	-0.33
5417	-1729	-0.33
5421	-1730	-0.25
5424	-1731	-0.33
5427	-1732	-0.33
5429	-1733	-0.50
5432	-1734	-0.33
5435	-1735	-0.33
5438	-1736	-0.33
5441	-1737	-0.33
5444	-1738	-0.33
5447	-1739	-0.33
5450	-1740	-0.33
5452	-1741	-0.50
5455	-1742	-0.33
5458	-1743	-0.33
5462	-1744	-0.25
5465	-1745	-0.33
5467	-1746	-0.50
5470	-1747	-0.33
5473	-1748	-0.33
5476	-1749	-0.33
5479	-1750	-0.33
5482	-1751	-0.33
5485	-1752	-0.33
5488	-1753	-0.33
5490	-1754	-0.50
5493	-1755	-0.33
5496	-1756	-0.33
5499	-1757	-0.33
5502	-1758	-0.33
5506	-1759	-0.25
5508	-1760	-0.50
5511	-1761	-0.33
5514	-1762	-0.33
5517	-1763	-0.33
5520	-1764	-0.33
5523	-1765	-0.33
5526	-1766	-0.33
5528	-1767	-0.50
5531	-1768	-0.33
5534	-1769	-0.33
5537	-1770	-0.33
5540	-1771	-0.33
5543	-1772	-0.33
5545	-1773	-0.50
5549	-1774	-0.25
5552	-1775	-0.33
5555	-1776	-0.33
5558	-1777	-0.33
5561	-1778	-0.33
5563	-1779	-0.50
5566	-1780	-0.33
5569	-1781	-0.33
5572	-1782	-0.33
5575	-1783	-0.33
5578	-1784	-0.33
5581	-1785	-0.33
5583	-1786	-0.50
5586	-1787	-0.33
5590	-1788	-0.25
5593	-1789	-0.33
5596	-1790	-0.33
5599	-1791	-0.33
5601	-1792	-0.50
5604	-1793	-0.33
5607	-1794	-0.33
5610	-1795	-0.33
5613	-1796	-0.33
5616	-1797	-0.33
5619	-1798	-0.33
5621	-1799	-0.50
5624	-1800	-0.33
5627	-1801	-0.33
5630	-1802	-0.33
5634	-1803	-0.25
5637	-1804	-0.33
5639	-1805	-0.50
5642	-1806	-0.33
5645	-1807	-0.33
5648	-1808	-0.33
5651	-1809	-0.33
5654	-1810	-0.33
5657	-1811	-0.33
5660	-1812	-0.33
5662	-1813	-0.50
5665	-1814	-0.33
5668	-1815	-0.33
5671	-1816	-0.33
5675	-1817	-0.25
5678	-1818	-0.33
5680	-1819	-0.50
5683	-1820	-0.33
5686	-1821	-0.33
5689	-1822	-0.33
5692	-1823	-0.33
5695	-1824	-0.33
5698	-1825	-0.33
5701	-1826	-0.33
5703	-1827	-0.50
5706	-1828	-0.33
5709	-1829	-0.33
5712	-1830	-0.33
5715	-1831	-0.33
5719	-1832	-0.25
5721	-1833	-0.50
5724	-1834	-0.33
5727	-1835	-0.33
5730	-1836	-0.33
5733	-1837	-0.33
5736	-1838	-0.33
5739	-1839	-0.33
5741	-1840	-0.50
5744	-1841	-0.33
5747	-1842	-0.33
5750	-1843	-0.33
5753	-1844	-0.33
5756	-1845	-0.33
5760	-1846	-0.25
5762	-1847	-0.50
5765	-1848	-0.33
5768	-1849	-0.33
5771	-1850	-0.33
5774	-1851	-0.33
5777	-1852	-0.33
5780	-1853	-0.33
5782	-1854	-0.50
5785	-1855	-0.33
5788	-1856	-0.33
5791	-1857	-0.33
5794	-1858	-0.33
5797	-1859	-0.33
5800	-1860	-0.33
5804	-1861	-0.25
5806	-1862	-0.50
5809	-1863	-0.33
5812	-1864	-0.33
5815	-1865	-0.33
5818	-1866	-0.33
5820	-1867	-0.50
5823	-1868	-0.33
5826	-1869	-0.33
5829	-1870	-0.33
5832	-1871	-0.33
5835	-1872	-0.33
5838	-1873	-0.33
5841	-1874	-0.33
5843	-1875	-0.50
5847	-1876	-0.25
5850	-1877	-0.33
5853	-1878	-0.33
5856	-1879	-0.33
5859	-1880	-0.33
5861	-1881	-0.50
5864	-1882	-0.33
5867	-1883	-0.33
5870	-1884	-0.33
5873	-1885	-0.33
5876	-1886	-0.33
5879	-1887	-0.33
5881	-1888	-0.50
5884	-1889	-0.33
5888	-1890	-0.25
5891	-1891	-0.33
5894	-1892	-0.33
5897	-1893	-0.33
5900	-1894	-0.33
5902	-1895	-0.50
5905	-1896	-0.33
5908	-1897	-0.33
5911	-1898	-0.33
5914	-1899	-0.33
5917	-1900	-0.33
5919	-1901	-0.50
5922	-1902	-0.33
5925	-1903	-0.33
5928	-1904	-0.33
5932	-1905	-0.25
5935	-1906	-0.33
5938	-1907	-0.33
5940	-1908	-0.50
5943	-1909	-0.33
5946	-1910	-0.33
5949	-1911	-0.33
5952	-1912	-0.33
5955	-1913	-0.33
5957	-1914	-0.50
5960	-1915	-0.33
5963	-1916	-0.33
5966	-1917	-0.33
5969	-1918	-0.33
5972	-1919	-0.33
5976	-1920	-0.25
5979	-1921	-0.33
5981	-1922	-0.50
5984	-1923	-0.33
5987	-1924	-0.33
5990	-1925	-0.33
5993	-1926	-0.33
5995	-1927	-0.50
5998	-1928	-0.33
6001	-1929	-0.33
6004	-1930	-0.33
6007	-1931	-0.33
6010	-1932	-0.33
6013	-1933	-0.33
6016	-1934	-0.33
6019	-1935	-0.33
6022	-1936	-0.33
6025	-1937	-0.33
6028	-1938	-0.33
6031	-1939	-0.33
6033	-1940	-0.50
6036	-1941	-0.33
6039	-1942	-0.33
6042	-1943	-0.33
6045	-1944	-0.33
6048	-1945	-0.33
6051	-1946	-0.33
6053	-1947	-0.50
6056	-1948	-0.33
6060	-1949	-0.25
6063	-1950	-0.33
6066	-1951	-0.33
6069	-1952	-0.33
6071	-1953	-0.50
6074	-1954	-0.33
6077	-1955	-0.33
6080	-1956	-0.33
6083	-1957	-0.33
6086	-1958	-0.33
6088	-1959	-0.50
6091	-1960	-0.33
6094	-1961	-0.33
6097	-1962	-0.33
6100	-1963	-0.33
6104	-1964	-0.25
6107	-1965	-0.33
6109	-1966	-0.50
6112	-1967	-0.33
6115	-1968	-0.33
6118	-1969	-0.33
6121	-1970	-0.33
6124	-1971	-0.33
6126	-1972	-0.50
6129	-1973	-0.33
6132	-1974	-0.33
6135	-1975	-0.33
6138	-1976	-0.33
6141	-1977	-0.33
6144	-1978	-0.33
6147	-1979	-0.33
6150	-1980	-0.33
6153	-1981	-0.33
6156	-1982	-0.33
6159	-1983	-0.33
6162	-1984	-0.33
6164	-1985	-0.50
6167	-1986	-0.33
6170	-1987	-0.33
6173	-1988	-0.33
6176	-1989	-0.33
6179	-1990	-0.33
6182	-1991	-0.33
6184	-1992	-0.50
6188	-1993	-0.25
6191	-1994	-0.33
6194	-1995	-0.33
6197	-1996	-0.33
6200	-1997	-0.33
6202	-1998	-0.50
6205	-1999	-0.33
6208	-2000	-0.33
6211	-2001	-0.33
6214	-2002	-0.33
6217	-2003	-0.33
6220	-2004	-0.33
6223	-2005	-0.33
6225	-2006	-0.50
6228	-2007	-0.33
6232	-2008	-0.25
6235	-2009	-0.33
6238	-2010	-0.33
6241	-2011	-0.33
6243	-2012	-0.50
6246	-2013	-0.33
6249	-2014	-0.33
6252	-2015	-0.33
6255	-2016	-0.33
6258	-2017	-0.33
6261	-2018	-0.33
6263	-2019	-0.50
6266	-2020	-0.33
6269	-2021	-0.33
6273	-2022	-0.25
6276	-2023	-0.33
6279	-2024	-0.33
6281	-2025	-0.50
6284	-2026	-0.33
6287	-2027	-0.33
6290	-2028	-0.33
6293	-2029	-0.33
6296	-2030	-0.33
6299	-2031	-0.33
6301	-2032	-0.50
6304	-2033	-0.33
6307	-2034	-0.33
6310	-2035	-0.33
6313	-2036	-0.33
6317	-2037	-0.25
6319	-2038	-0.50
6322	-2039	-0.33
6325	-2040	-0.33
6328	-2041	-0.33
6331	-2042	-0.33
6334	-2043	-0.33
6337	-2044	-0.33
6339	-2045	-0.50
6342	-2046	-0.33
6345	-2047	-0.33
6348	-2048	-0.33
6351	-2049	-0.33
6354	-2050	-0.33
6358	-2051	-0.25
6360	-2052	-0.50
6363	-2053	-0.33
6366	-2054	-0.33
6369	-2055	-0.33
6372	-2056	-0.33
6375	-2057	-0.33
6377	-2058	-0.50
6380	-2059	-0.33
6383	-2060	-0.33
6386	-2061	-0.33
6389	-2062	-0.33
6392	-2063	-0.33
6395	-2064	-0.33
6397	-2065	-0.50
6401	-2066	-0.25
6404	-2067	-0.33
6407	-2068	-0.33
6410	-2069	-0.33
6413	-2070	-0.33
6415	-2071	-0.50
6418	-2072	-0.33
6421	-2073	-0.33
6424	-2074	-0.33
6427	-2075	-0.33
6430	-2076	-0.33
6433	-2077	-0.33
6435	-2078	-0.50
6438	-2079	-0.33
6441	-2080	-0.33
6445	-2081	-0.25
6448	-2082	-0.33
6451	-2083	-0.33
6453	-2084	-0.50
6456	-2085	-0.33
6459	-2086	-0.33
6462	-2087	-0.33
6465	-2088	-0.33
6468	-2089	-0.33
6471	-2090	-0.33
6473	-2091	-0.50
6476	-2092	-0.33
6479	-2093	-0.33
6482	-2094	-0.33
6486	-2095	-0.25
6488	-2096	-0.50
6491	-2097	-0.33
6494	-2098	-0.33
6497	-2099	-0.33
6500	-2100	-0.33
6503	-2101	-0.33
6506	-2102	-0.33
6508	-2103	-0.50
6511	-2104	-0.33
6514	-2105	-0.33
6517	-2106	-0.33
6520	-2107	-0.33
6523	-2108	-0.33
6525	-2109	-0.50
6529	-2110	-0.25
6532	-2111	-0.33
6535	-2112	-0.33
6538	-2113	-0.33
6541	-2114	-0.33
6543	-2115	-0.50
6546	-2116	-0.33
6549	-2117	-0.33
6552	-2118	-0.33
6555	-2119	-0.33
6558	-2120	-0.33
6560	-2121	-0.50
6563	-2122	-0.33
6566	-2123	-0.33
6569	-2124	-0.33
6573	-2125	-0.25
6576	-2126	-0.33
6579	-2127	-0.33
6581	-2128	-0.50
6584	-2129	-0.33
6587	-2130	-0.33
6590	-2131	-0.33
6593	-2132	-0.33
6596	-2133	-0.33
6598	-2134	-0.50
6601	-2135	-0.33
6604	-2136	-0.33
6607	-2137	-0.33
6610	-2138	-0.33
6614	-2139	-0.25
6617	-2140	-0.33
6619	-2141	-0.50
6622	-2142	-0.33
6625	-2143	-0.33
6628	-2144	-0.33
6631	-2145	-0.33
6634	-2146	-0.33
6636	-2147	-0.50
6639	-2148	-0.33
6642	-2149	-0.33
6645	-2150	-0.33
6648	-2151	-0.33
6651	-2152	-0.33
6653	-2153	-0.50
6657	-2154	-0.25
6660	-2155	-0.33
6663	-2156	-0.33
6666	-2157	-0.33
6669	-2158	-0.33
6672	-2159	-0.33
6674	-2160	-0.50
6677	-2161	-0.33
6680	-2162	-0.33
6683	-2163	-0.33
6686	-2164	-0.33
6689	-2165	-0.33
6691	-2166	-0.50
6694	-2167	-0.33
6697	-2168	-0.33
6701	-2169	-0.25
6704	-2170	-0.33
6707	-2171	-0.33
6710	-2172	-0.33
6713	-2173	-0.33
6715	-2174	-0.50
6718	-2175	-0.33
6721	-2176	-0.33
6724	-2177	-0.33
6727	-2178	-0.33
6729	-2179	-0.50
6732	-2180	-0.33
6735	-2181	-0.33
6738	-2182	-0.33
6742	-2183	-0.25
6745	-2184	-0.33
6748	-2185	-0.33
6751	-2186	-0.33
6753	-2187	-0.50
6756	-2188	-0.33
6759	-2189	-0.33
6762	-2190	-0.33
6765	-2191	-0.33
6768	-2192	-0.33
6770	-2193	-0.50
6773	-2194	-0.33
6776	-2195	-0.33
6779	-2196	-0.33
6782	-2197	-0.33
6786	-2198	-0.25
6788	-2199	-0.50
6791	-2200	-0.33
6794	-2201	-0.33
6797	-2202	-0.33
6800	-2203	-0.33
6803	-2204	-0.33
6806	-2205	-0.33
6808	-2206	-0.50
6811	-2207	-0.33
6814	-2208	-0.33
6817	-2209	-0.33
6820	-2210	-0.33
6823	-2211	-0.33
6825	-2212	-0.50
6829	-2213	-0.25
6832	-2214	-0.33
6835	-2215	-0.33
6838	-2216	-0.33
6841	-2217	-0.33
6844	-2218	-0.33
6846	-2219	-0.50
6849	-2220	-0.33
6852	-2221	-0.33
6855	-2222	-0.33
6858	-2223	-0.33
6861	-2224	-0.33
6863	-2225	-0.50
6866	-2226	-0.33
6870	-2227	-0.25
6873	-2228	-0.33
6876	-2229	-0.33
6879	-2230	-0.33
6882	-2231	-0.33
6885	-2232	-0.33
6887	-2233	-0.50
6890	-2234	-0.33
6893	-2235	-0.33
6896	-2236	-0.33
6899	-2237	-0.33
6901	-2238	-0.50
6904	-2239	-0.33
6907	-2240	-0.33
6910	-2241	-0.33
6914	-2242	-0.25
6917	-2243	-0.33
6920	-2244	-0.33
6923	-2245	-0.33
6925	-2246	-0.50
6928	-2247	-0.33
6931	-2248	-0.33
6934	-2249	-0.33
6937	-2250	-0.33
6939	-2251	-0.50
6942	-2252	-0.33
6945	-2253	-0.33
6948	-2254	-0.33
6951	-2255	-0.33
6955	-2256	-0.25
6958	-2257	-0.33
6960	-2258	-0.50
6963	-2259	-0.33
6966	-2260	-0.33
6969	-2261	-0.33
6972	-2262	-0.33
6975	-2263	-0.33
6977	-2264	-0.50
6980	-2265	-0.33
6983	-2266	-0.33
6986	-2267	-0.33
6989	-2268	-0.33
6992	-2269	-0.33
6995	-2270	-0.33
6998	-2271	-0.33
7001	-2272	-0.33
7004	-2273	-0.33
7007	-2274	-0.33
7010	-2275	-0.33
7013	-2276	-0.33
7015	-2277	-0.50
7018	-2278	-0.33
7021	-2279	-0.33
7024	-2280	-0.33
7027	-2281	-0.33
7030	-2282	-0.33
7032	-2283	-0.50
7035	-2284	-0.33
7038	-2285	-0.33
7042	-2286	-0.25
7045	-2287	-0.33
7048	-2288	-0.33
7050	-2289	-0.50
7053	-2290	-0.33
7056	-2291	-0.33
7059	-2292	-0.33
7062	-2293	-0.33
7065	-2294	-0.33
7068	-2295	-0.33
7070	-2296	-0.50
7073	-2297	-0.33
7076	-2298	-0.33
7079	-2299	-0.33
7083	-2300	-0.25
7086	-2301	-0.33
7088	-2302	-0.50
7091	-2303	-0.33
7094	-2304	-0.33
7097	-2305	-0.33
7100	-2306	-0.33
7103	-2307	-0.33
7106	-2308	-0.33
7108	-2309	-0.50
7111	-2310	-0.33
7114	-2311	-0.33
7117	-2312	-0.33
7120	-2313	-0.33
7123	-2314	-0.33
7127	-2315	-0.25
7129	-2316	-0.50
7132	-2317	-0.33
7135	-2318	-0.33
7138	-2319	-0.33
7141	-2320	-0.33
7144	-2321	-0.33
7146	-2322	-0.50
7149	-2323	-0.33
7152	-2324	-0.33
7155	-2325	-0.33
7158	-2326	-0.33
7161	-2327	-0.33
7164	-2328	-0.33
7168	-2329	-0.25
7170	-2330	-0.50
7173	-2331	-0.33
7176	-2332	-0.33
7179	-2333	-0.33
7182	-2334	-0.33
7185	-2335	-0.33
7187	-2336	-0.50
7190	-2337	-0.33
7193	-2338	-0.33
7196	-2339	-0.33
7199	-2340	-0.33
7202	-2341	-0.33
7205	-2342	-0.33
7207	-2343	-0.50
7211	-2344	-0.25
7214	-2345	-0.33
7217	-2346	-0.33
7220	-2347	-0.33
7223	-2348	-0.33
7225	-2349	-0.50
7228	-2350	-0.33
7231	-2351	-0.33
7234	-2352	-0.33
7237	-2353	-0.33
7240	-2354	-0.33
7243	-2355	-0.33
7245	-2356	-0.50
7248	-2357	-0.33
7251	-2358	-0.33
7255	-2359	-0.25
7258	-2360	-0.33
7261	-2361	-0.33
7263	-2362	-0.50
7266	-2363	-0.33
7269	-2364	-0.33
7272	-2365	-0.33
7275	-2366	-0.33
7278	-2367	-0.33
7281	-2368	-0.33
7283	-2369	-0.50
7286	-2370	-0.33
7289	-2371	-0.33
7292	-2372	-0.33
7296	-2373	-0.25
7299	-2374	-0.33
7301	-2375	-0.50
7304	-2376	-0.33
7307	-2377	-0.33
7310	-2378	-0.33
7313	-2379	-0.33
7316	-2380	-0.33
7318	-2381	-0.50
7321	-2382	-0.33
7324	-2383	-0.33
7327	-2384	-0.33
7330	-2385	-0.33
7333	-2386	-0.33
7336	-2387	-0.33
7340	-2388	-0.25
7342	-2389	-0.50
7345	-2390	-0.33
7348	-2391	-0.33
7351	-2392	-0.33
7354	-2393	-0.33
7356	-2394	-0.50
7359	-2395	-0.33
7362	-2396	-0.33
7365	-2397	-0.33
7368	-2398	-0.33
7371	-2399	-0.33
7374	-2400	-0.33
7377	-2401	-0.33
7379	-2402	-0.50
7383	-2403	-0.25
7386	-2404	-0.33
7389	-2405	-0.33
7392	-2406	-0.33
7394	-2407	-0.50
7397	-2408	-0.33
7400	-2409	-0.33
7403	-2410	-0.33
7406	-2411	-0.33
7409	-2412	-0.33
7412	-2413	-0.33
7415	-2414	-0.33
7417	-2415	-0.50
7420	-2416	-0.33
7424	-2417	-0.25
7427	-2418	-0.33
7430	-2419	-0.33
7432	-2420	-0.50
7435	-2421	-0.33
7438	-2422	-0.33
7441	-2423	-0.33
7444	-2424	-0.33
7447	-2425	-0.33
7450	-2426	-0.33
7452	-2427	-0.50
7455	-2428	-0.33
7458	-2429	-0.33
7461	-2430	-0.33
7464	-2431	-0.33
7468	-2432	-0.25
7470	-2433	-0.50
7473	-2434	-0.33
7476	-2435	-0.33
7479	-2436	-0.33
7482	-2437	-0.33
7485	-2438	-0.33
7487	-2439	-0.50
7490	-2440	-0.33
7493	-2441	-0.33
7496	-2442	-0.33
7499	-2443	-0.33
7502	-2444	-0.33
7505	-2445	-0.33
7507	-2446	-0.50
7511	-2447	-0.25
7514	-2448	-0.33
7517	-2449	-0.33
7520	-2450	-0.33
7523	-2451	-0.33
7525	-2452	-0.50
7528	-2453	-0.33
7531	-2454	-0.33
7534	-2455	-0.33
7537	-2456	-0.33
7540	-2457	-0.33
7543	-2458	-0.33
7545	-2459	-0.50
7548	-2460	-0.33
7552	-2461	-0.25
7555	-2462	-0.33
7558	-2463	-0.33
7561	-2464	-0.33
7563	-2465	-0.50
7566	-2466	-0.33
7569	-2467	-0.33
7572	-2468	-0.33
7575	-2469	-0.33
7578	-2470	-0.33
7581	-2471	-0.33
7583	-2472	-0.50
7586	-2473	-0.33
7589	-2474	-0.33
7592	-2475	-0.33
7596	-2476	-0.25
7599	-2477	-0.33
7601	-2478	-0.50
7604	-2479	-0.33
7607	-2480	-0.33
7610	-2481	-0.33
7613	-2482	-0.33
7616	-2483	-0.33
7619	-2484	-0.33
7622	-2485	-0.33
7624	-2486	-0.50
7627	-2487	-0.33
7630	-2488	-0.33
7633	-2489	-0.33
7636	-2490	-0.33
7640	-2491	-0.25
7642	-2492	-0.50
7645	-2493	-0.33
7648	-2494	-0.33
7651	-2495	-0.33
7654	-2496	-0.33
7657	-2497	-0.33
7660	-2498	-0.33
7662	-2499	-0.50
7665	-2500	-0.33
7668	-2501	-0.33
7671	-2502	-0.33
7674	-2503	-0.33
7677	-2504	-0.33
7680	-2505	-0.33
7683	-2506	-0.33
7686	-2507	-0.33
7689	-2508	-0.33
7692	-2509	-0.33
7695	-2510	-0.33
7698	-2511	-0.33
7700	-2512	-0.50
7703	-2513	-0.33
7706	-2514	-0.33
7709	-2515	-0.33
7712	-2516	-0.33
7715	-2517	-0.33
7717	-2518	-0.50
7720	-2519	-0.33
7724	-2520	-0.25
7727	-2521	-0.33
7730	-2522	-0.33
7733	-2523	-0.33
7736	-2524	-0.33
7738	-2525	-0.50
7741	-2526	-0.33
7744	-2527	-0.33
7747	-2528	-0.33
7750	-2529	-0.33
7753	-2530	-0.33
7756	-2531	-0.33
7758	-2532	-0.50
7761	-2533	-0.33
7764	-2534	-0.33
7768	-2535	-0.25
7771	-2536	-0.33
7774	-2537	-0.33
7776	-2538	-0.50
7779	-2539	-0.33
7782	-2540	-0.33
7785	-2541	-0.33
7788	-2542	-0.33
7791	-2543	-0.33
7794	-2544	-0.33
7796	-2545	-0.50
7799	-2546	-0.33
7802	-2547	-0.33
7805	-2548	-0.33
7809	-2549	-0.25
7811	-2550	-0.50
7814	-2551	-0.33
7817	-2552	-0.33
7820	-2553	-0.33
7823	-2554	-0.33
7826	-2555	-0.33
7829	-2556	-0.33
7832	-2557	-0.33
7834	-2558	-0.50
7837	-2559	-0.33
7840	-2560	-0.33
7843	-2561	-0.33
7846	-2562	-0.33
7848	-2563	-0.50
7852	-2564	-0.25
7855	-2565	-0.33
7858	-2566	-0.33
7861	-2567	-0.33
7864	-2568	-0.33
7867	-2569	-0.33
7869	-2570	-0.50
7872	-2571	-0.33
7875	-2572	-0.33
7878	-2573	-0.33
7881	-2574	-0.33
7884	-2575	-0.33
7886	-2576	-0.50
7889	-2577	-0.33
7892	-2578	-0.33
7896	-2579	-0.25
7899	-2580	-0.33
7902	-2581	-0.33
7904	-2582	-0.50
7907	-2583	-0.33
7910	-2584	-0.33
7913	-2585	-0.33
7916	-2586	-0.33
7919	-2587	-0.33
7921	-2588	-0.50
7924	-2589	-0.33
7927	-2590	-0.33
7930	-2591	-0.33
7933	-2592	-0.33
7937	-2593	-0.25
7940	-2594	-0.33
7942	-2595	-0.50
7945	-2596	-0.33
7948	-2597	-0.33
7951	-2598	-0.33
7954	-2599	-0.33
7956	-2600	-0.50
7959	-2601	-0.33
7962	-2602	-0.33
7965	-2603	-0.33
7968	-2604	-0.33
7971	-2605	-0.33
7974	-2606	-0.33
7976	-2607	-0.50
7980	-2608	-0.25
7983	-2609	-0.33
7986	-2610	-0.33
7989	-2611	-0.33
7992	-2612	-0.33
7994	-2613	-0.50
7997	-2614	-0.33
8000	-2615	-0.33
8003	-2616	-0.33
8006	-2617	-0.33
8009	-2618	-0.33
8011	-2619	-0.50
8014	-2620	-0.33
8017	-2621	-0.33
8020	-2622	-0.33
8024	-2623	-0.25
8027	-2624	-0.33
8029	-2625	-0.50
8032	-2626	-0.33
8035	-2627	-0.33
8038	-2628	-0.33
8041	-2629	-0.33
8044	-2630	-0.33
8047	-2631	-0.33
8049	-2632	-0.50
8052	-2633	-0.33
8055	-2634	-0.33
8058	-2635	-0.33
8061	-2636	-0.33
8065	-2637	-0.25
8067	-2638	-0.50
8070	-2639	-0.33
8073	-2640	-0.33
8076	-2641	-0.33
8079	-2642	-0.33
8082	-2643	-0.33
8085	-2644	-0.33
8087	-2645	-0.50
8090	-2646	-0.33
8093	-2647	-0.33
8096	-2648	-0.33
8099	-2649	-0.33
8102	-2650	-0.33
8104	-2651	-0.50
8108	-2652	-0.25
8111	-2653	-0.33
8114	-2654	-0.33
8117	-2655	-0.33
8120	-2656	-0.33
8122	-2657	-0.50
8125	-2658	-0.33
8128	-2659	-0.33
8131	-2660	-0.33
8134	-2661	-0.33
8137	-2662	-0.33
8140	-2663	-0.33
8142	-2664	-0.50
8145	-2665	-0.33
8148	-2666	-0.33
8152	-2667	-0.25
8155	-2668	-0.33
8158	-2669	-0.33
8160	-2670	-0.50
8163	-2671	-0.33
8166	-2672	-0.33
8169	-2673	-0.33
8172	-2674	-0.33
8175	-2675	-0.33
8178	-2676	-0.33
8180	-2677	-0.50
8183	-2678	-0.33
8186	-2679	-0.33
8189	-2680	-0.33
8193	-2681	-0.25
8196	-2682	-0.33
8198	-2683	-0.50
8201	-2684	-0.33
8204	-2685	-0.33
8207	-2686	-0.33
8210	-2687	-0.33
8213	-2688	-0.33
8216	-2689	-0.33
8218	-2690	-0.50
8221	-2691	-0.33
8224	-2692	-0.33
8227	-2693	-0.33
8230	-2694	-0.33
8232	-2695	-0.50
8236	-2696	-0.25
8239	-2697	-0.33
8242	-2698	-0.33
8245	-2699	-0.33
8248	-2700	-0.33
8251	-2701	-0.33
8253	-2702	-0.50
8256	-2703	-0.33
8259	-2704	-0.33
8262	-2705	-0.33
8265	-2706	-0.33
8268	-2707	-0.33
8270	-2708	-0.50
8273	-2709	-0.33
8276	-2710	-0.33
8280	-2711	-0.25
8283	-2712	-0.33
8286	-2713	-0.33
8289	-2714	-0.33
8291	-2715	-0.50
8294	-2716	-0.33
8297	-2717	-0.33
8300	-2718	-0.33
8303	-2719	-0.33
8306	-2720	-0.33
8308	-2721	-0.50
8311	-2722	-0.33
8314	-2723	-0.33
8317	-2724	-0.33
8321	-2725	-0.25
8324	-2726	-0.33
8326	-2727	-0.50
8329	-2728	-0.33
8332	-2729	-0.33
8335	-2730	-0.33
8338	-2731	-0.33
8341	-2732	-0.33
8343	-2733	-0.50
8346	-2734	-0.33
8349	-2735	-0.33
8352	-2736	-0.33
8355	-2737	-0.33
8358	-2738	-0.33
8360	-2739	-0.50
8364	-2740	-0.25
8367	-2741	-0.33
8370	-2742	-0.33
8373	-2743	-0.33
8376	-2744	-0.33
8378	-2745	-0.50
8381	-2746	-0.33
8384	-2747	-0.33
8387	-2748	-0.33
8390	-2749	-0.33
8393	-2750	-0.33
8395	-2751	-0.50
8398	-2752	-0.33
8401	-2753	-0.33
8404	-2754	-0.33
8408	-2755	-0.25
8411	-2756	-0.33
8413	-2757	-0.50
8416	-2758	-0.33
8419	-2759	-0.33
8422	-2760	-0.33
8425	-2761	-0.33
8428	-2762	-0.33
8431	-2763	-0.33
8433	-2764	-0.50
8436	-2765	-0.33
8439	-2766	-0.33
8442	-2767	-0.33
8445	-2768	-0.33
8449	-2769	-0.25
8451	-2770	-0.50
8454	-2771	-0.33
8457	-2772	-0.33
8460	-2773	-0.33
8463	-2774	-0.33
8466	-2775	-0.33
8468	-2776	-0.50
8471	-2777	-0.33
8474	-2778	-0.33
8477	-2779	-0.33
8480	-2780	-0.33
8483	-2781	-0.33
8485	-2782	-0.50
8488	-2783	-0.33
8492	-2784	-0.25
8495	-2785	-0.33
8498	-2786	-0.33
8501	-2787	-0.33
8503	-2788	-0.50
8506	-2789	-0.33
8509	-2790	-0.33
8512	-2791	-0.33
8515	-2792	-0.33
8518	-2793	-0.33
8521	-2794	-0.33
8523	-2795	-0.50
8526	-2796	-0.33
8529	-2797	-0.33
8532	-2798	-0.33
8536	-2799	-0.25
8539	-2800	-0.33
8541	-2801	-0.50
8544	-2802	-0.33
8547	-2803	-0.33
8550	-2804	-0.33
8553	-2805	-0.33
8556	-2806	-0.33
8559	-2807	-0.33
8561	-2808	-0.50
8564	-2809	-0.33
8567	-2810	-0.33
8570	-2811	-0.33
8573	-2812	-0.33
8577	-2813	-0.25
8579	-2814	-0.50
8582	-2815	-0.33
8585	-2816	-0.33
8588	-2817	-0.33
8591	-2818	-0.33
8594	-2819	-0.33
8597	-2820	-0.33
8599	-2821	-0.50
8602	-2822	-0.33
8605	-2823	-0.33
8608	-2824	-0.33
8611	-2825	-0.33
8613	-2826	-0.50
8616	-2827	-0.33
8620	-2828	-0.25
8623	-2829	-0.33
8626	-2830	-0.33
8629	-2831	-0.33
8632	-2832	-0.33
8635	-2833	-0.33
8637	-2834	-0.50
8640	-2835	-0.33
8643	-2836	-0.33
8646	-2837	-0.33
8649	-2838	-0.33
8651	-2839	-0.50
8654	-2840	-0.33
8657	-2841	-0.33
8660	-2842	-0.33
8664	-2843	-0.25
8667	-2844	-0.33
8670	-2845	-0.33
8672	-2846	-0.50
8675	-2847	-0.33
8678	-2848	-0.33
8681	-2849	-0.33
8684	-2850	-0.33
8687	-2851	-0.33
8689	-2852	-0.50
8692	-2853	-0.33
8695	-2854	-0.33
8698	-2855	-0.33
8701	-2856	-0.33
8705	-2857	-0.25
8708	-2858	-0.33
8710	-2859	-0.50
8713	-2860	-0.33
8716	-2861	-0.33
8719	-2862	-0.33
8722	-2863	-0.33
8724	-2864	-0.50
8727	-2865	-0.33
8730	-2866	-0.33
8733	-2867	-0.33
8736	-2868	-0.33
8739	-2869	-0.33
8742	-2870	-0.33
8744	-2871	-0.50
8748	-2872	-0.25
8751	-2873	-0.33
8754	-2874	-0.33
8757	-2875	-0.33
8760	-2876	-0.33
8762	-2877	-0.50
8765	-2878	-0.33
8768	-2879	-0.33
8771	-2880	-0.33
8774	-2881	-0.33
8777	-2882	-0.33
8779	-2883	-0.50
8782	-2884	-0.33
8785	-2885	-0.33
8788	-2886	-0.33
8792	-2887	-0.25
8795	-2888	-0.33
8798	-2889	-0.33
8800	-2890	-0.50
8803	-2891	-0.33
8806	-2892	-0.33
8809	-2893	-0.33
8812	-2894	-0.33
8815	-2895	-0.33
8817	-2896	-0.50
8820	-2897	-0.33
8823	-2898	-0.33
8826	-2899	-0.33
8829	-2900	-0.33
8833	-2901	-0.25
8835	-2902	-0.50
8838	-2903	-0.33
8841	-2904	-0.33
8844	-2905	-0.33
8847	-2906	-0.33
8850	-2907	-0.33
8852	-2908	-0.50
8855	-2909	-0.33
8858	-2910	-0.33
8861	-2911	-0.33
8864	-2912	-0.33
8867	-2913	-0.33
8869	-2914	-0.50
8872	-2915	-0.33
8876	-2916	-0.25
8879	-2917	-0.33
8882	-2918	-0.33
8885	-2919	-0.33
8888	-2920	-0.33
8890	-2921	-0.50
8893	-2922	-0.33
8896	-2923	-0.33
8899	-2924	-0.33
8902	-2925	-0.33
8905	-2926	-0.33
8907	-2927	-0.50
8910	-2928	-0.33
8913	-2929	-0.33
8916	-2930	-0.33
8920	-2931	-0.25
8923	-2932	-0.33
8925	-2933	-0.50
8928	-2934	-0.33
8931	-2935	-0.33
8934	-2936	-0.33
8937	-2937	-0.33
8940	-2938	-0.33
8942	-2939	-0.50
8945	-2940	-0.33
8948	-2941	-0.33
8951	-2942	-0.33
8954	-2943	-0.33
8957	-2944	-0.33
8960	-2945	-0.33
8963	-2946	-0.33
8966	-2947	-0.33
8969	-2948	-0.33
8972	-2949	-0.33
8975	-2950	-0.33
8978	-2951	-0.33
8980	-2952	-0.50
8983	-2953	-0.33
8986	-2954	-0.33
8989	-2955	-0.33
8992	-2956	-0.33
8994	-2957	-0.50
8997	-2958	-0.33
9000	-2959	-0.33
9004	-2960	-0.25
9007	-2961	-0.33
9010	-2962	-0.33
9013	-2963	-0.33
9015	-2964	-0.50
9018	-2965	-0.33
9021	-2966	-0.33
9024	-2967	-0.33
9027	-2968	-0.33
9030	-2969	-0.33
9032	-2970	-0.50
9035	-2971	-0.33
9038	-2972	-0.33
9041	-2973	-0.33
9044	-2974	-0.33
9048	-2975	-0.25
9051	-2976	-0.33
9053	-2977	-0.50
9056	-2978	-0.33
9059	-2979	-0.33
9062	-2980	-0.33
9065	-2981	-0.33
9067	-2982	-0.50
9070	-2983	-0.33
9073	-2984	-0.33
9076	-2985	-0.33
9079	-2986	-0.33
9082	-2987	-0.33
9085	-2988	-0.33
9088	-2989	-0.33
9091	-2990	-0.33
9094	-2991	-0.33
9097	-2992	-0.33
9100	-2993	-0.33
9103	-2994	-0.33
9105	-2995	-0.50
9108	-2996	-0.33
9111	-2997	-0.33
9114	-2998	-0.33
9117	-2999	-0.33
9120	-3000	-0.33
9123	-3001	-0.33
9125	-3002	-0.50
9128	-3003	-0.33
9132	-3004	-0.25
9135	-3005	-0.33
9138	-3006	-0.33
9140	-3007	-0.50
9143	-3008	-0.33
9146	-3009	-0.33
9149	-3010	-0.33
9152	-3011	-0.33
9155	-3012	-0.33
9158	-3013	-0.33
9160	-3014	-0.50
9163	-3015	-0.33
9166	-3016	-0.33
9169	-3017	-0.33
9172	-3018	-0.33
9176	-3019	-0.25
9178	-3020	-0.50
9181	-3021	-0.33
9184	-3022	-0.33
9187	-3023	-0.33
9190	-3024	-0.33
9193	-3025	-0.33
9196	-3026	-0.33
9198	-3027	-0.50
9201	-3028	-0.33
9204	-3029	-0.33
9207	-3030	-0.33
9210	-3031	-0.33
9212	-3032	-0.50
9216	-3033	-0.25
9219	-3034	-0.33
9222	-3035	-0.33
9225	-3036	-0.33
9228	-3037	-0.33
9231	-3038	-0.33
9233	-3039	-0.50
9236	-3040	-0.33
9239	-3041	-0.33
9242	-3042	-0.33
9245	-3043	-0.33
9248	-3044	-0.33
9250	-3045	-0.50
9253	-3046	-0.33
9256	-3047	-0.33
9260	-3048	-0.25
9263	-3049	-0.33
9266	-3050	-0.33
9268	-3051	-0.50
9271	-3052	-0.33
9274	-3053	-0.33
9277	-3054	-0.33
9280	-3055	-0.33
9283	-3056	-0.33
9285	-3057	-0.50
9288	-3058	-0.33
9291	-3059	-0.33
9294	-3060	-0.33
9297	-3061	-0.33
9300	-3062	-0.33
9304	-3063	-0.25
9306	-3064	-0.50
9309	-3065	-0.33
9312	-3066	-0.33
9315	-3067	-0.33
9318	-3068	-0.33
9321	-3069	-0.33
9323	-3070	-0.50
9326	-3071	-0.33
9329	-3072	-0.33
9332	-3073	-0.33
9335	-3074	-0.33
9338	-3075	-0.33
9340	-3076	-0.50
9344	-3077	-0.25
9347	-3078	-0.33
9350	-3079	-0.33
9353	-3080	-0.33
9356	-3081	-0.33
9358	-3082	-0.50
9361	-3083	-0.33
9364	-3084	-0.33
9367	-3085	-0.33
9370	-3086	-0.33
9373	-3087	-0.33
9376	-3088	-0.33
9378	-3089	-0.50
9381	-3090	-0.33
9384	-3091	-0.33
9388	-3092	-0.25
9391	-3093	-0.33
9394	-3094	-0.33
9396	-3095	-0.50
9399	-3096	-0.33
9402	-3097	-0.33
9405	-3098	-0.33
9408	-3099	-0.33
9411	-3100	-0.33
9413	-3101	-0.50
9416	-3102	-0.33
9419	-3103	-0.33
9422	-3104	-0.33
9425	-3105	-0.33
9428	-3106	-0.33
9432	-3107	-0.25
9434	-3108	-0.50
9437	-3109	-0.33
9440	-3110	-0.33
9443	-3111	-0.33
9446	-3112	-0.33
9448	-3113	-0.50
9451	-3114	-0.33
9454	-3115	-0.33
9457	-3116	-0.33
9460	-3117	-0.33
9463	-3118	-0.33
9466	-3119	-0.33
9469	-3120	-0.33
9472	-3121	-0.33
9475	-3122	-0.33
9478	-3123	-0.33
9481	-3124	-0.33
9484	-3125	-0.33
9486	-3126	-0.50
9489	-3127	-0.33
9492	-3128	-0.33
9495	-3129	-0.33
9498	-3130	-0.33
9501	-3131	-0.33
9504	-3132	-0.33
9507	-3133	-0.33
9509	-3134	-0.50
9512	-3135	-0.33
9516	-3136	-0.25
9519	-3137	-0.33
9522	-3138	-0.33
9524	-3139	-0.50
9527	-3140	-0.33
9530	-3141	-0.33
9533	-3142	-0.33
9536	-3143	-0.33
9539	-3144	-0.33
9542	-3145	-0.33
9544	-3146	-0.50
9547	-3147	-0.33
9550	-3148	-0.33
9553	-3149	-0.33
9556	-3150	-0.33
9559	-3151	-0.33
9562	-3152	-0.33
9565	-3153	-0.33
9568	-3154	-0.33
9571	-3155	-0.33
9574	-3156	-0.33
9577	-3157	-0.33
9579	-3158	-0.50
9582	-3159	-0.33
9585	-3160	-0.33
9588	-3161	-0.33
9591	-3162	-0.33
9594	-3163	-0.33
9596	-3164	-0.50
9600	-3165	-0.25
9603	-3166	-0.33
9606	-3167	-0.33
9609	-3168	-0.33
9612	-3169	-0.33
9615	-3170	-0.33
9617	-3171	-0.50
9620	-3172	-0.33
9623	-3173	-0.33
9626	-3174	-0.33
9629	-3175	-0.33
9632	-3176	-0.33
9634	-3177	-0.50
9637	-3178	-0.33
9640	-3179	-0.33
9644	-3180	-0.25
9647	-3181	-0.33
9650	-3182	-0.33
9652	-3183	-0.50
9655	-3184	-0.33
9658	-3185	-0.33
9661	-3186	-0.33
9664	-3187	-0.33
9667	-3188	-0.33
9669	-3189	-0.50
9672	-3190	-0.33
9675	-3191	-0.33
9678	-3192	-0.33
9681	-3193	-0.33
9684	-3194	-0.33
9687	-3195	-0.33
9690	-3196	-0.33
9693	-3197	-0.33
9696	-3198	-0.33
9699	-3199	-0.33
9702	-3200	-0.33
9704	-3201	-0.50
9707	-3202	-0.33
9710	-3203	-0.33
9713	-3204	-0.33
9716	-3205	-0.33
9719	-3206	-0.33
9722	-3207	-0.33
9724	-3208	-0.50
9728	-3209	-0.25
9731	-3210	-0.33
9734	-3211	-0.33
9737	-3212	-0.33
9740	-3213	-0.33
9742	-3214	-0.50
9745	-3215	-0.33
9748	-3216	-0.33
9751	-3217	-0.33
9754	-3218	-0.33
9757	-3219	-0.33
9759	-3220	-0.50
9762	-3221	-0.33
9765	-3222	-0.33
9768	-3223	-0.33
9772	-3224	-0.25
9775	-3225	-0.33
9777	-3226	-0.50
9780	-3227	-0.33
9783	-3228	-0.33
9786	-3229	-0.33
9789	-3230	-0.33
9792	-3231	-0.33
9794	-3232	-0.50
9797	-3233	-0.33
9800	-3234	-0.33
9803	-3235	-0.33
9806	-3236	-0.33
9809	-3237	-0.33
9812	-3238	-0.33
9815	-3239	-0.33
9818	-3240	-0.33
9821	-3241	-0.33
9824	-3242	-0.33
9827	-3243	-0.33
9830	-3244	-0.33
9832	-3245	-0.50
9835	-3246	-0.33
9838	-3247	-0.33
9841	-3248	-0.33
9844	-3249	-0.33
9847	-3250	-0.33
9850	-3251	-0.33
9852	-3252	-0.50
9856	-3253	-0.25
9859	-3254	-0.33
9862	-3255	-0.33
9865	-3256	-0.33
9867	-3257	-0.50
9870	-3258	-0.33
9873	-3259	-0.33
9876	-3260	-0.33
9879	-3261	-0.33
9882	-3262	-0.33
9885	-3263	-0.33
9887	-3264	-0.50
9890	-3265	-0.33
9893	-3266	-0.33
9896	-3267	-0.33
9900	-3268	-0.25
9903	-3269	-0.33
9905	-3270	-0.50
9908	-3271	-0.33
9911	-3272	-0.33
9914	-3273	-0.33
9917	-3274	-0.33
9920	-3275	-0.33
9923	-3276	-0.33
9925	-3277	-0.50
9928	-3278	-0.33
9931	-3279	-0.33
9934	-3280	-0.33
9937	-3281	-0.33
9939	-3282	-0.50
9943	-3283	-0.25
9946	-3284	-0.33
9949	-3285	-0.33
9952	-3286	-0.33
9955	-3287	-0.33
9958	-3288	-0.33
9961	-3289	-0.33
9963	-3290	-0.50
9966	-3291	-0.33
9969	-3292	-0.33
9972	-3293	-0.33
9975	-3294	-0.33
9977	-3295	-0.50
9980	-3296	-0.33
9984	-3297	-0.25
9987	-3298	-0.33
9990	-3299	-0.33
9993	-3300	-0.33
9996	-3301	-0.33
9998	-3302	-0.50
