3423	-1
7406	-2
10295	-3
12737	-4
14863	-5
16920	-6
18763	-7
20617	-8
22383	-9
24109	-10
25834	-11
27453	-12
29056	-13
30594	-14
32122	-15
33709	-16
35211	-17
36675	-18
38122	-19
39536	-20
40931	-21
42368	-22
43762	-23
45182	-24
46603	-25
47974	-26
49378	-27
50796	-28
52148	-29
53505	-30
54847	-31
56173	-32
57485	-33
58872	-34
60220	-35
61574	-36
62945	-37
64277	-38
65621	-39
67013	-40
68352	-41
69661	-42
70978	-43
72282	-44
73545	-45
74910	-46
76267	-47
77588	-48
78920	-49
80234	-50
81547	-51
82900	-52
84240	-53
85531	-54
86813	-55
88146	-56
89427	-57
90736	-58
92093	-59
93416	-60
94709	-61
96053	-62
97393	-63
98711	-64
100055	-65
101357	-66
102606	-67
103935	-68
105244	-69
106551	-70
107881	-71
109215	-72
110496	-73
111790	-74
113137	-75
114451	-76
115755	-77
117102	-78
118386	-79
119671	-80
120976	-81
122285	-82
123574	-83
124918	-84
126231	-85
127511	-86
128854	-87
130199	-88
131489	-89
132795	-90
134097	-91
135386	-92
136660	-93
138005	-94
139317	-95
140620	-96
141946	-97
143240	-98
144544	-99
145915	-100
147253	-101
148542	-102
149833	-103
151133	-104
152383	-105
153696	-106
155029	-107
156330	-108
157623	-109
158959	-110
160285	-111
161602	-112
162937	-113
164225	-114
165466	-115
166783	-116
168060	-117
169339	-118
170664	-119
171984	-120
173255	-121
174559	-122
175908	-123
177224	-124
178531	-125
179851	-126
181108	-127
182381	-128
183673	-129
184966	-130
186247	-131
187600	-132
188919	-133
190204	-134
191545	-135
192876	-136
194156	-137
195459	-138
196741	-139
198011	-140
199274	-141
200617	-142
201930	-143
203230	-144
204550	-145
205838	-146
207129	-147
208478	-148
209787	-149
211056	-150
212335	-151
213632	-152
214880	-153
216189	-154
217533	-155
218843	-156
220137	-157
221468	-158
222789	-159
224104	-160
225439	-161
226729	-162
227973	-163
229305	-164
230608	-165
231910	-166
233243	-167
234568	-168
235840	-169
237143	-170
238489	-171
239801	-172
241109	-173
242448	-174
243725	-175
245014	-176
246324	-177
247633	-178
248927	-179
250279	-180
251585	-181
252861	-182
254203	-183
255529	-184
256810	-185
258124	-186
259419	-187
260701	-188
261972	-189
263301	-190
264604	-191
265906	-192
267225	-193
268509	-194
269806	-195
271173	-196
272501	-197
273783	-198
275069	-199
276362	-200
277607	-201
278920	-202
280248	-203
281544	-204
282835	-205
284161	-206
285477	-207
286791	-208
288125	-209
289412	-210
290650	-211
291965	-212
293239	-213
294517	-214
295835	-215
297145	-216
298404	-217
299699	-218
301046	-219
302360	-220
303663	-221
304985	-222
306246	-223
307518	-224
308809	-225
310101	-226
311379	-227
312727	-228
314040	-229
315318	-230
316648	-231
317975	-232
319252	-233
320549	-234
321832	-235
323103	-236
324363	-237
325706	-238
327021	-239
328323	-240
329654	-241
330953	-242
332253	-243
333611	-244
334934	-245
336211	-246
337495	-247
338790	-248
340036	-249
341344	-250
342689	-251
344000	-252
345289	-253
346614	-254
347932	-255
349240	-256
350564	-257
351843	-258
353075	-259
354395	-260
355687	-261
356978	-262
358298	-263
359616	-264
360884	-265
362170	-266
363507	-267
364812	-268
366107	-269
367438	-270
368707	-271
369981	-272
371281	-273
372586	-274
373869	-275
375207	-276
376512	-277
377783	-278
379106	-279
380426	-280
381700	-281
382985	-282
384279	-283
385562	-284
386815	-285
388150	-286
389458	-287
390746	-288
392053	-289
393330	-290
394612	-291
395958	-292
397287	-293
398569	-294
399840	-295
401146	-296
402404	-297
403698	-298
405028	-299
406327	-300
407598	-301
408925	-302
410254	-303
411561	-304
412897	-305
414198	-306
415442	-307
416752	-308
418050	-309
419346	-310
420665	-311
421994	-312
423269	-313
424554	-314
425915	-315
427242	-316
428542	-317
429877	-318
431151	-319
432424	-320
433715	-321
435014	-322
436290	-323
437626	-324
438945	-325
440228	-326
441555	-327
442899	-328
444194	-329
445485	-330
446776	-331
448056	-332
449309	-333
450651	-334
451972	-335
453273	-336
454600	-337
455904	-338
457203	-339
458551	-340
459875	-341
461152	-342
462422	-343
463720	-344
464967	-345
466256	-346
467601	-347
468912	-348
470186	-349
471512	-350
472836	-351
474137	-352
475458	-353
476739	-354
477968	-355
479269	-356
480563	-357
481855	-358
483165	-359
484502	-360
485785	-361
487062	-362
488407	-363
489718	-364
491005	-365
492335	-366
493611	-367
494881	-368
496176	-369
497492	-370
498780	-371
500106	-372
501419	-373
502696	-374
504011	-375
505344	-376
506632	-377
507911	-378
509209	-379
510496	-380
511744	-381
513078	-382
514392	-383
515679	-384
516977	-385
518258	-386
519539	-387
520863	-388
522187	-389
523464	-390
524720	-391
526038	-392
527310	-393
528599	-394
529932	-395
531235	-396
532498	-397
533819	-398
535150	-399
536453	-400
537779	-401
539089	-402
540343	-403
541641	-404
542945	-405
544247	-406
545553	-407
546895	-408
548182	-409
549459	-410
550814	-411
552138	-412
553422	-413
554749	-414
556029	-415
557300	-416
558581	-417
559887	-418
561163	-419
562473	-420
563789	-421
565069	-422
566379	-423
567738	-424
569044	-425
570319	-426
571603	-427
572878	-428
574116	-429
575441	-430
576754	-431
578039	-432
579337	-433
580643	-434
581940	-435
583251	-436
584570	-437
585842	-438
587080	-439
588386	-440
589647	-441
590916	-442
592242	-443
593554	-444
594816	-445
596120	-446
597458	-447
598762	-448
600067	-449
601371	-450
602615	-451
603886	-452
605180	-453
606476	-454
607760	-455
609108	-456
610413	-457
611686	-458
613018	-459
614335	-460
615605	-461
616902	-462
618180	-463
619448	-464
620713	-465
622053	-466
623362	-467
624659	-468
625973	-469
627254	-470
628542	-471
629888	-472
631191	-473
632455	-474
633730	-475
635027	-476
636274	-477
637577	-478
638911	-479
640214	-480
641499	-481
642822	-482
644138	-483
645446	-484
646779	-485
648068	-486
649309	-487
650636	-488
651930	-489
653225	-490
654549	-491
655867	-492
657139	-493
658435	-494
659774	-495
661081	-496
662379	-497
663713	-498
664987	-499
666263	-500
667561	-501
668861	-502
670140	-503
671476	-504
672782	-505
674057	-506
675394	-507
676733	-508
678019	-509
679322	-510
680619	-511
681903	-512
683169	-513
684509	-514
685816	-515
687112	-516
688429	-517
689712	-518
690999	-519
692354	-520
693679	-521
694956	-522
696230	-523
697522	-524
698770	-525
700069	-526
701397	-527
702692	-528
703972	-529
705310	-530
706640	-531
707950	-532
709281	-533
710568	-534
711803	-535
713112	-536
714391	-537
715670	-538
716981	-539
718303	-540
719576	-541
720863	-542
722212	-543
723529	-544
724818	-545
726143	-546
727405	-547
728669	-548
729956	-549
731250	-550
732524	-551
733861	-552
735182	-553
736465	-554
737788	-555
739125	-556
740411	-557
741693	-558
742976	-559
744249	-560
745493	-561
746837	-562
748165	-563
749468	-564
750791	-565
752274	-566
757513	-565
760326	-564
762133	-563
763828	-562
765273	-561
766595	-560
767947	-559
769190	-558
770369	-557
771553	-556
772671	-555
773744	-554
774800	-553
775924	-552
777014	-551
778057	-550
779096	-549
780172	-548
781228	-547
782251	-546
783279	-545
784324	-544
785323	-543
786296	-542
787260	-541
788292	-540
789309	-539
790292	-538
791259	-537
792268	-536
793279	-535
794263	-534
795224	-533
796197	-532
797157	-531
798096	-530
799005	-529
799939	-528
800921	-527
801876	-526
802805	-525
803723	-524
804712	-523
805704	-522
806672	-521
807597	-520
808540	-519
809517	-518
810460	-517
811396	-516
812347	-515
813340	-514
814308	-513
815249	-512
816195	-511
817192	-510
818186	-509
819135	-508
820048	-507
820982	-506
821930	-505
822870	-504
823801	-503
824719	-502
825683	-501
826634	-500
827580	-499
828510	-498
829488	-497
830469	-496
831411	-495
832334	-494
833259	-493
834247	-492
835223	-491
836167	-490
837095	-489
838059	-488
839032	-487
839984	-486
840917	-485
841855	-484
842801	-483
843731	-482
844631	-481
845543	-480
846522	-479
847495	-478
848439	-477
849358	-476
850329	-475
851326	-474
852295	-473
853221	-472
854146	-471
855120	-470
856061	-469
856993	-468
857926	-467
858901	-466
859872	-465
860813	-464
861750	-463
862706	-462
863686	-461
864623	-460
865527	-459
866430	-458
867371	-457
868319	-456
869254	-455
870166	-454
871115	-453
872091	-452
873059	-451
874008	-450
874965	-449
875950	-448
876898	-447
877827	-446
878735	-445
879692	-444
880656	-443
881593	-442
882506	-441
883430	-440
884404	-439
885360	-438
886294	-437
887201	-436
888152	-435
889109	-434
890035	-433
890956	-432
891910	-431
892894	-430
893852	-429
894784	-428
895736	-427
896734	-426
897711	-425
898645	-424
899555	-423
900512	-422
901466	-421
902411	-420
903346	-419
904282	-418
905249	-417
906192	-416
907129	-415
908059	-414
909041	-413
910000	-412
910922	-411
911830	-410
912764	-409
913748	-408
914716	-407
915657	-406
916599	-405
917584	-404
918570	-403
919531	-402
920476	-401
921435	-400
922378	-399
923303	-398
924197	-397
925117	-396
926081	-395
927017	-394
927931	-393
928834	-392
929808	-391
930792	-390
931750	-389
932669	-388
933598	-387
934567	-386
935503	-385
936431	-384
937365	-383
938338	-382
939290	-381
940217	-380
941141	-379
942104	-378
943085	-377
944022	-376
944925	-375
945834	-374
946778	-373
947723	-372
948657	-371
949567	-370
950517	-369
951478	-368
952431	-367
953366	-366
954320	-365
955300	-364
956243	-363
957169	-362
958077	-361
959045	-360
960019	-359
960963	-358
961883	-357
962814	-356
963789	-355
964743	-354
965674	-353
966582	-352
967528	-351
968469	-350
969382	-349
970292	-348
971256	-347
972245	-346
973206	-345
974141	-344
975098	-343
976101	-342
977081	-341
978018	-340
978931	-339
979887	-338
980826	-337
981758	-336
982681	-335
983616	-334
984585	-333
985528	-332
986466	-331
987399	-330
988385	-329
989343	-328
990264	-327
991170	-326
992100	-325
993072	-324
994029	-323
994958	-322
995889	-321
996863	-320
997835	-319
998784	-318
999719	-317
1000676	-316
1001623	-315
1002552	-314
1003452	-313
1004371	-312
1005338	-311
1006281	-310
1007202	-309
1008107	-308
1009079	-307
1010053	-306
1011003	-305
1011913	-304
1012840	-303
1013817	-302
1014762	-301
1015697	-300
1016635	-299
1017613	-298
1018573	-297
1019504	-296
1020434	-295
1021396	-294
1022365	-293
1023293	-292
1024189	-291
1025094	-290
1026037	-289
1026983	-288
1027916	-287
1028828	-286
1029784	-285
1030754	-284
1031716	-283
1032659	-282
1033613	-281
1034589	-280
1035530	-279
1036452	-278
1037355	-277
1038317	-276
1039280	-275
1040214	-274
1041126	-273
1042056	-272
1043035	-271
1043995	-270
1044935	-269
1045848	-268
1046799	-267
1047745	-266
1048659	-265
1049571	-264
1050530	-263
1051504	-262
1052451	-261
1053372	-260
1054318	-259
1055321	-258
1056304	-257
1057241	-256
1058150	-255
1059101	-254
1060045	-253
1060980	-252
1061905	-251
1062833	-250
1063791	-249
1064725	-248
1065656	-247
1066582	-246
1067562	-245
1068522	-244
1069443	-243
1070350	-242
1071279	-241
1072260	-240
1073225	-239
1074162	-238
1075092	-237
1076063	-236
1077033	-235
1077982	-234
1078913	-233
1079860	-232
1080797	-231
1081717	-230
1082607	-229
1083518	-228
1084487	-227
1085437	-226
1086366	-225
1087274	-224
1088242	-223
1089224	-222
1090180	-221
1091096	-220
1092018	-219
1092983	-218
1093915	-217
1094840	-216
1095766	-215
1096736	-214
1097699	-213
1098634	-212
1099565	-211
1100517	-210
1101493	-209
1102427	-208
1103329	-207
1104229	-206
1105167	-205
1106114	-204
1107048	-203
1107959	-202
1108906	-201
1109879	-200
1110846	-199
1111791	-198
1112745	-197
1113728	-196
1114677	-195
1115609	-194
1116514	-193
1117468	-192
1118432	-191
1119367	-190
1120277	-189
1121194	-188
1122163	-187
1123115	-186
1124046	-185
1124951	-184
1125898	-183
1126857	-182
1127781	-181
1128700	-180
1129648	-179
1130627	-178
1131577	-177
1132501	-176
1133436	-175
1134418	-174
1135382	-173
1136305	-172
1137197	-171
1138124	-170
1139066	-169
1140001	-168
1140927	-167
1141843	-166
1142808	-165
1143763	-164
1144710	-163
1145642	-162
1146616	-161
1147584	-160
1148515	-159
1149430	-158
1150351	-157
1151331	-156
1152299	-155
1153238	-154
1154165	-153
1155133	-152
1156114	-151
1157072	-150
1158006	-149
1158937	-148
1159879	-147
1160804	-146
1161700	-145
1162603	-144
1163566	-143
1164518	-142
1165445	-141
1166353	-140
1167318	-139
1168318	-138
1169291	-137
1170221	-136
1171141	-135
1172108	-134
1173045	-133
1173975	-132
1174896	-131
1175846	-130
1176795	-129
1177717	-128
1178637	-127
1179569	-126
1180543	-125
1181481	-124
1182386	-123
1183285	-122
1184222	-121
1185183	-120
1186129	-119
1187051	-118
1187985	-117
1188959	-116
1189927	-115
1190874	-114
1191816	-113
1192782	-112
1193722	-111
1194644	-110
1195538	-109
1196471	-108
1197440	-107
1198381	-106
1199299	-105
1200206	-104
1201181	-103
1202151	-102
1203098	-101
1204009	-100
1204950	-99
1205912	-98
1206839	-97
1207760	-96
1208702	-95
1209690	-94
1210655	-93
1211592	-92
1212530	-91
1213509	-90
1214483	-89
1215414	-88
1216311	-87
1217224	-86
1218159	-85
1219091	-84
1220013	-83
1220920	-82
1221878	-81
1222835	-80
1223785	-79
1224718	-78
1225682	-77
1226667	-76
1227612	-75
1228539	-74
1229454	-73
1230426	-72
1231391	-71
1232327	-70
1233244	-69
1234190	-68
1235157	-67
1236102	-66
1237026	-65
1237939	-64
1238885	-63
1239822	-62
1240730	-61
1241637	-60
1242595	-59
1243559	-58
1244497	-57
1245408	-56
1246352	-55
1247340	-54
1248305	-53
1249226	-52
1250128	-51
1251081	-50
1252024	-49
1252958	-48
1253882	-47
1254814	-46
1255772	-45
1256705	-44
1257635	-43
1258559	-42
1259534	-41
1260483	-40
1261396	-39
1262298	-38
1263225	-37
1264200	-36
1265160	-35
1266093	-34
1267025	-33
1268001	-32
1268979	-31
1269934	-30
1270869	-29
1271816	-28
1272753	-27
1273674	-26
1274566	-25
1275477	-24
1276440	-23
1277380	-22
1278297	-21
1279200	-20
1280171	-19
1281161	-18
1282124	-17
1283043	-16
1283965	-15
1284932	-14
1285868	-13
1286797	-12
1287725	-11
1288691	-10
1289643	-9
1290569	-8
1291494	-7
1292449	-6
1293429	-5
1294367	-4
1295273	-3
1296178	-2
1297123	-1
1298074	0
1299012	1
1299926	2
1300875	3
1301843	4
1302806	5
1303747	6
1304699	7
1305675	8
1306618	9
1307540	10
1308441	11
1309397	12
1310366	13
1311305	14
1312220	15
1313137	16
1314107	17
1315062	18
1315995	19
1316900	20
1317844	21
1318789	22
1319702	23
1320610	24
1321556	25
1322542	26
1323501	27
1324433	28
1325375	29
1326362	30
1327335	31
1328265	32
1329163	33
1330094	34
1331025	35
1331952	36
1332868	37
1333779	38
1334738	39
1335683	40
1336623	41
1337549	42
1338521	43
1339487	44
1340420	45
1341334	46
1342246	47
1343215	48
1344172	49
1345100	50
1346013	51
1346964	52
1347930	53
1348877	54
1349804	55
1350729	56
1351683	57
1352622	58
1353530	59
1354439	60
1355405	61
1356370	62
1357306	63
1358219	64
1359178	65
1360172	66
1361140	67
1362065	68
1362983	69
1363956	70
1364905	71
1365845	72
1366778	73
1367735	74
1368695	75
1369630	76
1370562	77
1371501	78
1372477	79
1373413	80
1374314	81
1375210	82
1376149	83
1377113	84
1378065	85
1378989	86
1379932	87
1380914	88
1381887	89
1382838	90
1383780	91
1384742	92
1385677	93
1386595	94
1387484	95
1388415	96
1389369	97
1390298	98
1391206	99
1392108	100
1393081	101
1394051	102
1394996	103
1395903	104
1396828	105
1397786	106
1398714	107
1399634	108
1400567	109
1401540	110
1402492	111
1403417	112
1404347	113
1405322	114
1406302	115
1407238	116
1408140	117
1409055	118
1409996	119
1410934	120
1411861	121
1412769	122
1413723	123
1414678	124
1415630	125
1416562	126
1417522	127
1418498	128
1419437	129
1420357	130
1421264	131
1422233	132
1423203	133
1424144	134
1425062	135
1425998	136
1426969	137
1427919	138
1428847	139
1429756	140
1430697	141
1431630	142
1432533	143
1433435	144
1434391	145
1435372	146
1436328	147
1437256	148
1438208	149
1439205	150
1440179	151
1441109	152
1442015	153
1442965	154
1443900	155
1444827	156
1445744	157
1446673	158
1447634	159
1448572	160
1449505	161
1450432	162
1451409	163
1452365	164
1453286	165
1454192	166
1455112	167
1456080	168
1457033	169
1457958	170
1458879	171
1459843	172
1460809	173
1461754	174
1462684	175
1463625	176
1464568	177
1465493	178
1466388	179
1467293	180
1468255	181
1469201	182
1470124	183
1471027	184
1471991	185
1472969	186
1473923	187
1474836	188
1475755	189
1476727	190
1477670	191
1478604	192
1479530	193
1480488	194
1481440	195
1482366	196
1483288	197
1484223	198
1485190	199
1486118	200
1487014	201
1487907	202
1488844	203
1489802	204
1490747	205
1491668	206
1492611	207
1493591	208
1494566	209
1495519	210
1496466	211
1497436	212
1498376	213
1499296	214
1500191	215
1501129	216
1502089	217
1503021	218
1503930	219
1504837	220
1505816	221
1506791	222
1507741	223
1508656	224
1509601	225
1510564	226
1511494	227
1512417	228
1513363	229
1514346	230
1515302	231
1516230	232
1517168	233
1518160	234
1519144	235
1520082	236
1520987	237
1521917	238
1522863	239
1523802	240
1524729	241
1525645	242
1526604	243
1527550	244
1528492	245
1529418	246
1530387	247
1531356	248
1532285	249
1533199	250
1534113	251
1535089	252
1536054	253
1536991	254
1537910	255
1538859	256
1539825	257
1540769	258
1541691	259
1542607	260
1543541	261
1544460	262
1545353	263
1546251	264
1547213	265
1548180	266
1549119	267
1550032	268
1550976	269
1551962	270
1552923	271
1553843	272
1554741	273
1555684	274
1556609	275
1557528	276
1558440	277
1559369	278
1560325	279
1561257	280
1562184	281
1563107	282
1564082	283
1565033	284
1565949	285
1566850	286
1567769	287
1568734	288
1569684	289
1570606	290
1571526	291
1572489	292
1573453	293
1574400	294
1575331	295
1576274	296
1577219	297
1578146	298
1579042	299
1579951	300
1580916	301
1581863	302
1582787	303
1583692	304
1584657	305
1585637	306
1586594	307
1587509	308
1588434	309
1589411	310
1590357	311
1591294	312
1592230	313
1593198	314
1594158	315
1595089	316
1596016	317
1596964	318
1597934	319
1598863	320
1599759	321
1600655	322
1601594	323
1602544	324
1603482	325
1604394	326
1605335	327
1606305	328
1607266	329
1608207	330
1609148	331
1610110	332
1611042	333
1611956	334
1612845	335
1613778	336
1614732	337
1615659	338
1616563	339
1617463	340
1618432	341
1619394	342
1620332	343
1621233	344
1622157	345
1623108	346
1624027	347
1624940	348
1625868	349
1626837	350
1627785	351
1628707	352
1629634	353
1630606	354
1631585	355
1632521	356
1633423	357
1634335	358
1635276	359
1636212	360
1637137	361
1638044	362
1638994	363
1639949	364
1640900	365
1641832	366
1642789	367
1643764	368
1644701	369
1645621	370
1646525	371
1647490	372
1648456	373
1649394	374
1650310	375
1651241	376
1652210	377
1653158	378
1654084	379
1654990	380
1655929	381
1656863	382
1657768	383
1658672	384
1659627	385
1660607	386
1661561	387
1662488	388
1663434	389
1664427	390
1665400	391
1666329	392
1667233	393
1668179	394
1669111	395
1670036	396
1670951	397
1671873	398
1672833	399
1673775	400
1674712	401
1675640	402
1676614	403
1677570	404
1678489	405
1679393	406
1680307	407
1681273	408
1682226	409
1683153	410
1684072	411
1685033	412
1686000	413
1686944	414
1687870	415
1688799	416
1689740	417
1690663	418
1691558	419
1692460	420
1693423	421
1694375	422
1695301	423
1696205	424
1697161	425
1698143	426
1699100	427
1700016	428
1700925	429
1701889	430
1702828	431
1703759	432
1704683	433
1705630	434
1706585	435
1707514	436
1708440	437
1709370	438
1710341	439
1711273	440
1712173	441
1713064	442
1713994	443
1714956	444
1715905	445
1716825	446
1717755	447
1718724	448
1719689	449
1720634	450
1721566	451
1722517	452
1723448	453
1724363	454
1725252	455
1726168	456
1727127	457
1728060	458
1728970	459
1729867	460
1730835	461
1731812	462
1732765	463
1733678	464
1734600	465
1735563	466
1736493	467
1737416	468
1738341	469
1739306	470
1740254	471
1741175	472
1742096	473
1743049	474
1744026	475
1744962	476
1745866	477
1746769	478
1747714	479
1748666	480
1749605	481
1750521	482