9	-1	-0.11
23	-2	-0.07
32	-3	-0.11
40	-4	-0.12
48	-5	-0.12
54	-6	-0.17
60	-7	-0.17
66	-8	-0.17
72	-9	-0.17
77	-10	-0.20
82	-11	-0.20
88	-12	-0.17
93	-13	-0.20
98	-14	-0.20
102	-15	-0.25
107	-16	-0.20
111	-17	-0.25
116	-18	-0.20
120	-19	-0.25
125	-20	-0.20
130	-21	-0.20
134	-22	-0.25
139	-23	-0.20
143	-24	-0.25
147	-25	-0.25
151	-26	-0.25
155	-27	-0.25
159	-28	-0.25
163	-29	-0.25
167	-30	-0.25
172	-31	-0.20
176	-32	-0.25
180	-33	-0.25
184	-34	-0.25
188	-35	-0.25
192	-36	-0.25
196	-37	-0.25
199	-38	-0.33
203	-39	-0.25
207	-40	-0.25
211	-41	-0.25
216	-42	-0.20
220	-43	-0.25
223	-44	-0.33
227	-45	-0.25
231	-46	-0.25
235	-47	-0.25
239	-48	-0.25
242	-49	-0.33
246	-50	-0.25
250	-51	-0.25
254	-52	-0.25
258	-53	-0.25
262	-54	-0.25
266	-55	-0.25
270	-56	-0.25
273	-57	-0.33
277	-58	-0.25
281	-59	-0.25
284	-60	-0.33
288	-61	-0.25
292	-62	-0.25
295	-63	-0.33
300	-64	-0.20
304	-65	-0.25
308	-66	-0.25
311	-67	-0.33
315	-68	-0.25
319	-69	-0.25
323	-70	-0.25
326	-71	-0.33
330	-72	-0.25
334	-73	-0.25
337	-74	-0.33
342	-75	-0.20
346	-76	-0.25
349	-77	-0.33
353	-78	-0.25
357	-79	-0.25
360	-80	-0.33
364	-81	-0.25
368	-82	-0.25
371	-83	-0.33
375	-84	-0.25
379	-85	-0.25
382	-86	-0.33
387	-87	-0.20
391	-88	-0.25
394	-89	-0.33
398	-90	-0.25
402	-91	-0.25
405	-92	-0.33
409	-93	-0.25
413	-94	-0.25
416	-95	-0.33
420	-96	-0.25
424	-97	-0.25
428	-98	-0.25
432	-99	-0.25
436	-100	-0.25
439	-101	-0.33
443	-102	-0.25
447	-103	-0.25
450	-104	-0.33
454	-105	-0.25
458	-106	-0.25
461	-107	-0.33
465	-108	-0.25
470	-109	-0.20
473	-110	-0.33
477	-111	-0.25
481	-112	-0.25
484	-113	-0.33
488	-114	-0.25
491	-115	-0.33
495	-116	-0.25
499	-117	-0.25
503	-118	-0.25
506	-119	-0.33
510	-120	-0.25
514	-121	-0.25
518	-122	-0.25
522	-123	-0.25
525	-124	-0.33
529	-125	-0.25
533	-126	-0.25
536	-127	-0.33
540	-128	-0.25
544	-129	-0.25
547	-130	-0.33
551	-131	-0.25
556	-132	-0.20
559	-133	-0.33
563	-134	-0.25
567	-135	-0.25
570	-136	-0.33
574	-137	-0.25
578	-138	-0.25
581	-139	-0.33
585	-140	-0.25
589	-141	-0.25
592	-142	-0.33
596	-143	-0.25
600	-144	-0.25
604	-145	-0.25
608	-146	-0.25
611	-147	-0.33
615	-148	-0.25
619	-149	-0.25
622	-150	-0.33
626	-151	-0.25
630	-152	-0.25
633	-153	-0.33
637	-154	-0.25
642	-155	-0.20
645	-156	-0.33
649	-157	-0.25
652	-158	-0.33
656	-159	-0.25
660	-160	-0.25
663	-161	-0.33
667	-162	-0.25
671	-163	-0.25
674	-164	-0.33
678	-165	-0.25
683	-166	-0.20
686	-167	-0.33
690	-168	-0.25
694	-169	-0.25
697	-170	-0.33
701	-171	-0.25
705	-172	-0.25
708	-173	-0.33
712	-174	-0.25
716	-175	-0.25
719	-176	-0.33
723	-177	-0.25
728	-178	-0.20
731	-179	-0.33
735	-180	-0.25
738	-181	-0.33
742	-182	-0.25
746	-183	-0.25
749	-184	-0.33
753	-185	-0.25
757	-186	-0.25
760	-187	-0.33
764	-188	-0.25
769	-189	-0.20
772	-190	-0.33
776	-191	-0.25
780	-192	-0.25
783	-193	-0.33
787	-194	-0.25
790	-195	-0.33
794	-196	-0.25
798	-197	-0.25
801	-198	-0.33
805	-199	-0.25
809	-200	-0.25
814	-201	-0.20
817	-202	-0.33
821	-203	-0.25
824	-204	-0.33
828	-205	-0.25
832	-206	-0.25
835	-207	-0.33
839	-208	-0.25
843	-209	-0.25
846	-210	-0.33
850	-211	-0.25
855	-212	-0.20
858	-213	-0.33
862	-214	-0.25
866	-215	-0.25
869	-216	-0.33
873	-217	-0.25
876	-218	-0.33
880	-219	-0.25
884	-220	-0.25
887	-221	-0.33
891	-222	-0.25
896	-223	-0.20
899	-224	-0.33
903	-225	-0.25
907	-226	-0.25
910	-227	-0.33
914	-228	-0.25
917	-229	-0.33
921	-230	-0.25
925	-231	-0.25
928	-232	-0.33
932	-233	-0.25
936	-234	-0.25
940	-235	-0.25
944	-236	-0.25
948	-237	-0.25
951	-238	-0.33
955	-239	-0.25
959	-240	-0.25
962	-241	-0.33
966	-242	-0.25
969	-243	-0.33
973	-244	-0.25
977	-245	-0.25
980	-246	-0.33
985	-247	-0.20
989	-248	-0.25
992	-249	-0.33
996	-250	-0.25
1000	-251	-0.25
1003	-252	-0.33
1007	-253	-0.25
1011	-254	-0.25
1014	-255	-0.33
1018	-256	-0.25
1022	-257	-0.25
1026	-258	-0.25
1030	-259	-0.25
1033	-260	-0.33
1037	-261	-0.25
1041	-262	-0.25
1044	-263	-0.33
1048	-264	-0.25
1052	-265	-0.25
1055	-266	-0.33
1059	-267	-0.25
1063	-268	-0.25
1067	-269	-0.25
1071	-270	-0.25
1074	-271	-0.33
1078	-272	-0.25
1082	-273	-0.25
1086	-274	-0.25
1089	-275	-0.33
1093	-276	-0.25
1096	-277	-0.33
1100	-278	-0.25
1104	-279	-0.25
1107	-280	-0.33
1112	-281	-0.20
1116	-282	-0.25
1119	-283	-0.33
1123	-284	-0.25
1127	-285	-0.25
1130	-286	-0.33
1134	-287	-0.25
1138	-288	-0.25
1141	-289	-0.33
1145	-290	-0.25
1148	-291	-0.33
1153	-292	-0.20
1157	-293	-0.25
1160	-294	-0.33
1164	-295	-0.25
1168	-296	-0.25
1171	-297	-0.33
1175	-298	-0.25
1179	-299	-0.25
1182	-300	-0.33
1186	-301	-0.25
1189	-302	-0.33
1193	-303	-0.25
1198	-304	-0.20
1201	-305	-0.33
1205	-306	-0.25
1209	-307	-0.25
1212	-308	-0.33
1216	-309	-0.25
1220	-310	-0.25
1223	-311	-0.33
1227	-312	-0.25
1231	-313	-0.25
1234	-314	-0.33
1239	-315	-0.20
1242	-316	-0.33
1246	-317	-0.25
1250	-318	-0.25
1253	-319	-0.33
1257	-320	-0.25
1261	-321	-0.25
1264	-322	-0.33
1268	-323	-0.25
1272	-324	-0.25
1275	-325	-0.33
1280	-326	-0.20
1284	-327	-0.25
1287	-328	-0.33
1291	-329	-0.25
1295	-330	-0.25
1298	-331	-0.33
1302	-332	-0.25
1306	-333	-0.25
1309	-334	-0.33
1313	-335	-0.25
1316	-336	-0.33
1320	-337	-0.25
1325	-338	-0.20
1328	-339	-0.33
1332	-340	-0.25
1336	-341	-0.25
1339	-342	-0.33
1343	-343	-0.25
1347	-344	-0.25
1350	-345	-0.33
1354	-346	-0.25
1358	-347	-0.25
1361	-348	-0.33
1366	-349	-0.20
1369	-350	-0.33
1373	-351	-0.25
1377	-352	-0.25
1380	-353	-0.33
1384	-354	-0.25
1388	-355	-0.25
1391	-356	-0.33
1395	-357	-0.25
1399	-358	-0.25
1402	-359	-0.33
1406	-360	-0.25
1411	-361	-0.20
1414	-362	-0.33
1418	-363	-0.25
1421	-364	-0.33
1425	-365	-0.25
1429	-366	-0.25
1432	-367	-0.33
1436	-368	-0.25
1440	-369	-0.25
1443	-370	-0.33
1447	-371	-0.25
1452	-372	-0.20
1455	-373	-0.33
1459	-374	-0.25
1462	-375	-0.33
1466	-376	-0.25
1470	-377	-0.25
1473	-378	-0.33
1477	-379	-0.25
1481	-380	-0.25
1484	-381	-0.33
1488	-382	-0.25
1492	-383	-0.25
1496	-384	-0.25
1500	-385	-0.25
1504	-386	-0.25
1507	-387	-0.33
1511	-388	-0.25
1515	-389	-0.25
1518	-390	-0.33
1522	-391	-0.25
1525	-392	-0.33
1529	-393	-0.25
1533	-394	-0.25
1537	-395	-0.25
1541	-396	-0.25
1545	-397	-0.25
1548	-398	-0.33
1552	-399	-0.25
1556	-400	-0.25
1559	-401	-0.33
1563	-402	-0.25
1566	-403	-0.33
1570	-404	-0.25
1574	-405	-0.25
1579	-406	-0.20
1582	-407	-0.33
1586	-408	-0.25
1589	-409	-0.33
1593	-410	-0.25
1597	-411	-0.25
1600	-412	-0.33
1604	-413	-0.25
1608	-414	-0.25
1611	-415	-0.33
1615	-416	-0.25
1619	-417	-0.25
1623	-418	-0.25
1627	-419	-0.25
1630	-420	-0.33
1634	-421	-0.25
1638	-422	-0.25
1641	-423	-0.33
1645	-424	-0.25
1649	-425	-0.25
1652	-426	-0.33
1656	-427	-0.25
1660	-428	-0.25
1664	-429	-0.25
1668	-430	-0.25
1672	-431	-0.25
1675	-432	-0.33
1679	-433	-0.25
1682	-434	-0.33
1686	-435	-0.25
1690	-436	-0.25
1693	-437	-0.33
1697	-438	-0.25
1701	-439	-0.25
1704	-440	-0.33
1709	-441	-0.20
1713	-442	-0.25
1716	-443	-0.33
1720	-444	-0.25
1723	-445	-0.33
1727	-446	-0.25
1731	-447	-0.25
1734	-448	-0.33
1738	-449	-0.25
1742	-450	-0.25
1745	-451	-0.33
1750	-452	-0.20
1754	-453	-0.25
1757	-454	-0.33
1761	-455	-0.25
1765	-456	-0.25
1768	-457	-0.33
1772	-458	-0.25
1775	-459	-0.33
1779	-460	-0.25
1783	-461	-0.25
1786	-462	-0.33
1790	-463	-0.25
1795	-464	-0.20
1798	-465	-0.33
1802	-466	-0.25
1806	-467	-0.25
1809	-468	-0.33
1813	-469	-0.25
1816	-470	-0.33
1820	-471	-0.25
1824	-472	-0.25
1827	-473	-0.33
1831	-474	-0.25
1836	-475	-0.20
1839	-476	-0.33
1843	-477	-0.25
1847	-478	-0.25
1850	-479	-0.33
1854	-480	-0.25
1858	-481	-0.25
1861	-482	-0.33
1865	-483	-0.25
1869	-484	-0.25
1872	-485	-0.33
1876	-486	-0.25
1880	-487	-0.25
1884	-488	-0.25
1888	-489	-0.25
1892	-490	-0.25
1895	-491	-0.33
1899	-492	-0.25
1902	-493	-0.33
1906	-494	-0.25
1910	-495	-0.25
1913	-496	-0.33
1917	-497	-0.25
1922	-498	-0.20
1925	-499	-0.33
1929	-500	-0.25
1933	-501	-0.25
1936	-502	-0.33
1940	-503	-0.25
1943	-504	-0.33
1947	-505	-0.25
1951	-506	-0.25
1954	-507	-0.33
1958	-508	-0.25
1963	-509	-0.20
1966	-510	-0.33
1970	-511	-0.25
1974	-512	-0.25
1977	-513	-0.33
1981	-514	-0.25
1985	-515	-0.25
1988	-516	-0.33
1992	-517	-0.25
1995	-518	-0.33
1999	-519	-0.25
2003	-520	-0.25
2007	-521	-0.25
2011	-522	-0.25
2015	-523	-0.25
2018	-524	-0.33
2022	-525	-0.25
2026	-526	-0.25
2029	-527	-0.33
2033	-528	-0.25
2036	-529	-0.33
2040	-530	-0.25
2044	-531	-0.25
2048	-532	-0.25
2052	-533	-0.25
2056	-534	-0.25
2059	-535	-0.33
2063	-536	-0.25
2067	-537	-0.25
2070	-538	-0.33
2074	-539	-0.25
2077	-540	-0.33
2081	-541	-0.25
2085	-542	-0.25
2088	-543	-0.33
2093	-544	-0.20
2097	-545	-0.25
2100	-546	-0.33
2104	-547	-0.25
2108	-548	-0.25
2111	-549	-0.33
2115	-550	-0.25
2119	-551	-0.25
2122	-552	-0.33
2126	-553	-0.25
2129	-554	-0.33
2134	-555	-0.20
2138	-556	-0.25
2141	-557	-0.33
2145	-558	-0.25
2149	-559	-0.25
2152	-560	-0.33
2156	-561	-0.25
2160	-562	-0.25
2163	-563	-0.33
2167	-564	-0.25
2170	-565	-0.33
2174	-566	-0.25
2179	-567	-0.20
2182	-568	-0.33
2186	-569	-0.25
2190	-570	-0.25
2193	-571	-0.33
2197	-572	-0.25
2201	-573	-0.25
2204	-574	-0.33
2208	-575	-0.25
2212	-576	-0.25
2215	-577	-0.33
2220	-578	-0.20
2223	-579	-0.33
2227	-580	-0.25
2231	-581	-0.25
2234	-582	-0.33
2238	-583	-0.25
2242	-584	-0.25
2245	-585	-0.33
2249	-586	-0.25
2253	-587	-0.25
2256	-588	-0.33
2260	-589	-0.25
2264	-590	-0.25
2268	-591	-0.25
2272	-592	-0.25
2275	-593	-0.33
2279	-594	-0.25
2283	-595	-0.25
2286	-596	-0.33
2290	-597	-0.25
2294	-598	-0.25
2297	-599	-0.33
2301	-600	-0.25
2306	-601	-0.20
2309	-602	-0.33
2313	-603	-0.25
2316	-604	-0.33
2320	-605	-0.25
2324	-606	-0.25
2327	-607	-0.33
2331	-608	-0.25
2335	-609	-0.25
2338	-610	-0.33
2342	-611	-0.25
2347	-612	-0.20
2350	-613	-0.33
2354	-614	-0.25
2358	-615	-0.25
2361	-616	-0.33
2365	-617	-0.25
2368	-618	-0.33
2372	-619	-0.25
2376	-620	-0.25
2380	-621	-0.25
2383	-622	-0.33
2387	-623	-0.25
2391	-624	-0.25
2395	-625	-0.25
2399	-626	-0.25
2402	-627	-0.33
2406	-628	-0.25
2410	-629	-0.25
2413	-630	-0.33
2417	-631	-0.25
2421	-632	-0.25
2424	-633	-0.33
2428	-634	-0.25
2433	-635	-0.20
2436	-636	-0.33
2440	-637	-0.25
2443	-638	-0.33
2447	-639	-0.25
2451	-640	-0.25
2454	-641	-0.33
2458	-642	-0.25
2462	-643	-0.25
2465	-644	-0.33
2469	-645	-0.25
2473	-646	-0.25
2477	-647	-0.25
2481	-648	-0.25
2484	-649	-0.33
2488	-650	-0.25
2492	-651	-0.25
2495	-652	-0.33
2499	-653	-0.25
2503	-654	-0.25
2506	-655	-0.33
2510	-656	-0.25
2514	-657	-0.25
2518	-658	-0.25
2522	-659	-0.25
2526	-660	-0.25
2529	-661	-0.33
2533	-662	-0.25
2536	-663	-0.33
2540	-664	-0.25
2544	-665	-0.25
2547	-666	-0.33
2551	-667	-0.25
2555	-668	-0.25
2558	-669	-0.33
2563	-670	-0.20
2567	-671	-0.25
2570	-672	-0.33
2574	-673	-0.25
2578	-674	-0.25
2581	-675	-0.33
2585	-676	-0.25
2589	-677	-0.25
2592	-678	-0.33
2596	-679	-0.25
2600	-680	-0.25
2604	-681	-0.25
2608	-682	-0.25
2612	-683	-0.25
2615	-684	-0.33
2619	-685	-0.25
2622	-686	-0.33
2626	-687	-0.25
2630	-688	-0.25
2633	-689	-0.33
2637	-690	-0.25
2641	-691	-0.25
2644	-692	-0.33
2649	-693	-0.20
2653	-694	-0.25
2656	-695	-0.33
2660	-696	-0.25
2663	-697	-0.33
2667	-698	-0.25
2671	-699	-0.25
2674	-700	-0.33
2678	-701	-0.25
2682	-702	-0.25
2685	-703	-0.33
2690	-704	-0.20
2694	-705	-0.25
2697	-706	-0.33
2701	-707	-0.25
2705	-708	-0.25
2708	-709	-0.33
2712	-710	-0.25
2715	-711	-0.33
2719	-712	-0.25
2723	-713	-0.25
2726	-714	-0.33
2731	-715	-0.20
2735	-716	-0.25
2738	-717	-0.33
2742	-718	-0.25
2746	-719	-0.25
2749	-720	-0.33
2753	-721	-0.25
2756	-722	-0.33
2760	-723	-0.25
2764	-724	-0.25
2767	-725	-0.33
2771	-726	-0.25
2776	-727	-0.20
2779	-728	-0.33
2783	-729	-0.25
2787	-730	-0.25
2790	-731	-0.33
2794	-732	-0.25
2798	-733	-0.25
2801	-734	-0.33
2805	-735	-0.25
2808	-736	-0.33
2812	-737	-0.25
2817	-738	-0.20
2820	-739	-0.33
2824	-740	-0.25
2828	-741	-0.25
2831	-742	-0.33
2835	-743	-0.25
2839	-744	-0.25
2842	-745	-0.33
2846	-746	-0.25
2849	-747	-0.33
2853	-748	-0.25
2857	-749	-0.25
2861	-750	-0.25
2865	-751	-0.25
2869	-752	-0.25
2872	-753	-0.33
2876	-754	-0.25
2880	-755	-0.25
2883	-756	-0.33
2887	-757	-0.25
2890	-758	-0.33
2894	-759	-0.25
2898	-760	-0.25
2902	-761	-0.25
2906	-762	-0.25
2910	-763	-0.25
2913	-764	-0.33
2917	-765	-0.25
2921	-766	-0.25
2924	-767	-0.33
2928	-768	-0.25
2932	-769	-0.25
2935	-770	-0.33
2939	-771	-0.25
2942	-772	-0.33
2947	-773	-0.20
2951	-774	-0.25
2954	-775	-0.33
2958	-776	-0.25
2962	-777	-0.25
2965	-778	-0.33
2969	-779	-0.25
2973	-780	-0.25
2976	-781	-0.33
2980	-782	-0.25
2983	-783	-0.33
2988	-784	-0.20
2992	-785	-0.25
2995	-786	-0.33
2999	-787	-0.25
3003	-788	-0.25
3007	-789	-0.25
3012	-790	-0.20
3024	-789	0.08
3035	-788	0.09
3041	-787	0.17
3047	-786	0.17
3052	-785	0.20
3057	-784	0.20
3061	-783	0.25
3065	-782	0.25
3069	-781	0.25
3074	-780	0.20
3078	-779	0.25
3082	-778	0.25
3086	-777	0.25
3089	-776	0.33
3093	-775	0.25
3096	-774	0.33
3100	-773	0.25
3103	-772	0.33
3106	-771	0.33
3109	-770	0.33
3113	-769	0.25
3117	-768	0.25
3120	-767	0.33
3123	-766	0.33
3126	-765	0.33
3129	-764	0.33
3132	-763	0.33
3135	-762	0.33
3137	-761	0.50
3140	-760	0.33
3143	-759	0.33
3146	-758	0.33
3149	-757	0.33
3152	-756	0.33
3154	-755	0.50
3158	-754	0.25
3161	-753	0.33
3164	-752	0.33
3166	-751	0.50
3169	-750	0.33
3172	-749	0.33
3175	-748	0.33
3177	-747	0.50
3180	-746	0.33
3183	-745	0.33
3186	-744	0.33
3188	-743	0.50
3191	-742	0.33
3194	-741	0.33
3196	-740	0.50
3200	-739	0.25
3203	-738	0.33
3205	-737	0.50
3208	-736	0.33
3211	-735	0.33
3213	-734	0.50
3216	-733	0.33
3218	-732	0.50
3221	-731	0.33
3224	-730	0.33
3226	-729	0.50
3229	-728	0.33
3232	-727	0.33
3234	-726	0.50
3237	-725	0.33
3239	-724	0.50
3243	-723	0.25
3246	-722	0.33
3248	-721	0.50
3251	-720	0.33
3254	-719	0.33
3256	-718	0.50
3259	-717	0.33
3261	-716	0.50
3264	-715	0.33
3266	-714	0.50
3269	-713	0.33
3272	-712	0.33
3274	-711	0.50
3277	-710	0.33
3279	-709	0.50
3282	-708	0.33
3286	-707	0.25
3288	-706	0.50
3291	-705	0.33
3293	-704	0.50
3296	-703	0.33
3299	-702	0.33
3301	-701	0.50
3304	-700	0.33
3306	-699	0.50
3309	-698	0.33
3311	-697	0.50
3314	-696	0.33
3317	-695	0.33
3319	-694	0.50
3322	-693	0.33
3324	-692	0.50
3328	-691	0.25
3330	-690	0.50
3333	-689	0.33
3336	-688	0.33
3338	-687	0.50
3341	-686	0.33
3343	-685	0.50
3346	-684	0.33
3349	-683	0.33
3351	-682	0.50
3354	-681	0.33
3356	-680	0.50
3359	-679	0.33
3361	-678	0.50
3364	-677	0.33
3367	-676	0.33
3369	-675	0.50
3373	-674	0.25
3375	-673	0.50
3378	-672	0.33
3380	-671	0.50
3383	-670	0.33
3386	-669	0.33
3388	-668	0.50
3391	-667	0.33
3393	-666	0.50
3396	-665	0.33
3398	-664	0.50
3401	-663	0.33
3404	-662	0.33
3406	-661	0.50
3409	-660	0.33
3411	-659	0.50
3415	-658	0.25
3417	-657	0.50
3420	-656	0.33
3423	-655	0.33
3425	-654	0.50
3428	-653	0.33
3430	-652	0.50
3433	-651	0.33
3435	-650	0.50
3438	-649	0.33
3440	-648	0.50
3443	-647	0.33
3446	-646	0.33
3448	-645	0.50
3451	-644	0.33
3453	-643	0.50
3457	-642	0.25
3459	-641	0.50
3462	-640	0.33
3465	-639	0.33
3467	-638	0.50
3470	-637	0.33
3472	-636	0.50
3475	-635	0.33
3477	-634	0.50
3480	-633	0.33
3482	-632	0.50
3485	-631	0.33
3488	-630	0.33
3490	-629	0.50
3493	-628	0.33
3495	-627	0.50
3499	-626	0.25
3501	-625	0.50
3504	-624	0.33
3507	-623	0.33
3509	-622	0.50
3512	-621	0.33
3514	-620	0.50
3517	-619	0.33
3519	-618	0.50
3522	-617	0.33
3524	-616	0.50
3527	-615	0.33
3530	-614	0.33
3532	-613	0.50
3535	-612	0.33
3537	-611	0.50
3540	-610	0.33
3543	-609	0.33
3546	-608	0.33
3549	-607	0.33
3551	-606	0.50
3554	-605	0.33
3556	-604	0.50
3559	-603	0.33
3561	-602	0.50
3564	-601	0.33
3566	-600	0.50
3569	-599	0.33
3572	-598	0.33
3574	-597	0.50
3577	-596	0.33
3579	-595	0.50
3582	-594	0.33
3585	-593	0.33
3588	-592	0.33
3590	-591	0.50
3593	-590	0.33
3596	-589	0.33
3598	-588	0.50
3601	-587	0.33
3603	-586	0.50
3606	-585	0.33
3608	-584	0.50
3611	-583	0.33
3613	-582	0.50
3616	-581	0.33
3619	-580	0.33
3621	-579	0.50
3624	-578	0.33
3627	-577	0.33
3630	-576	0.33
3633	-575	0.33
3635	-574	0.50
3638	-573	0.33
3640	-572	0.50
3643	-571	0.33
3645	-570	0.50
3648	-569	0.33
3650	-568	0.50
3653	-567	0.33
3655	-566	0.50
3658	-565	0.33
3661	-564	0.33
3663	-563	0.50
3666	-562	0.33
3668	-561	0.50
3672	-560	0.25
3674	-559	0.50
3677	-558	0.33
3680	-557	0.33
3682	-556	0.50
3685	-555	0.33
3687	-554	0.50
3690	-553	0.33
3692	-552	0.50
3695	-551	0.33
3698	-550	0.33
3700	-549	0.50
3703	-548	0.33
3705	-547	0.50
3708	-546	0.33
3710	-545	0.50
3714	-544	0.25
3716	-543	0.50
3719	-542	0.33
3721	-541	0.50
3724	-540	0.33
3727	-539	0.33
3729	-538	0.50
3732	-537	0.33
3734	-536	0.50
3737	-535	0.33
3739	-534	0.50
3742	-533	0.33
3744	-532	0.50
3747	-531	0.33
3750	-530	0.33
3752	-529	0.50
3756	-528	0.25
3758	-527	0.50
3761	-526	0.33
3763	-525	0.50
3766	-524	0.33
3769	-523	0.33
3771	-522	0.50
3774	-521	0.33
3776	-520	0.50
3779	-519	0.33
3781	-518	0.50
3784	-517	0.33
3786	-516	0.50
3789	-515	0.33
3792	-514	0.33
3794	-513	0.50
3798	-512	0.25
3800	-511	0.50
3803	-510	0.33
3805	-509	0.50
3808	-508	0.33
3810	-507	0.50
3813	-506	0.33
3816	-505	0.33
3818	-504	0.50
3821	-503	0.33
3823	-502	0.50
3826	-501	0.33
3828	-500	0.50
3831	-499	0.33
3833	-498	0.50
3836	-497	0.33
3840	-496	0.25
3842	-495	0.50
3845	-494	0.33
3847	-493	0.50
3850	-492	0.33
3852	-491	0.50
3855	-490	0.33
3858	-489	0.33
3860	-488	0.50
3863	-487	0.33
3865	-486	0.50
3868	-485	0.33
3870	-484	0.50
3873	-483	0.33
3875	-482	0.50
3878	-481	0.33
3880	-480	0.50
3884	-479	0.25
3887	-478	0.33
3889	-477	0.50
3892	-476	0.33
3894	-475	0.50
3897	-474	0.33
3899	-473	0.50
3902	-472	0.33
3905	-471	0.33
3907	-470	0.50
3910	-469	0.33
3912	-468	0.50
3915	-467	0.33
3917	-466	0.50
3920	-465	0.33
3922	-464	0.50
3926	-463	0.25
3928	-462	0.50
3931	-461	0.33
3934	-460	0.33
3936	-459	0.50
3939	-458	0.33
3941	-457	0.50
3944	-456	0.33
3946	-455	0.50
3949	-454	0.33
3952	-453	0.33
3954	-452	0.50
3957	-451	0.33
3959	-450	0.50
3962	-449	0.33
3964	-448	0.50
3968	-447	0.25
3970	-446	0.50
3973	-445	0.33
3975	-444	0.50
3978	-443	0.33
3981	-442	0.33
3983	-441	0.50
3986	-440	0.33
3988	-439	0.50
3991	-438	0.33
3993	-437	0.50
3996	-436	0.33
3999	-435	0.33
4001	-434	0.50
4004	-433	0.33
4006	-432	0.50
4009	-431	0.33
4012	-430	0.33
4015	-429	0.33
4017	-428	0.50
4020	-427	0.33
4022	-426	0.50
4025	-425	0.33
4028	-424	0.33
4030	-423	0.50
4033	-422	0.33
4035	-421	0.50
4038	-420	0.33
4040	-419	0.50
4043	-418	0.33
4046	-417	0.33
4048	-416	0.50
4051	-415	0.33
4054	-414	0.33
4057	-413	0.33
4059	-412	0.50
4062	-411	0.33
4064	-410	0.50
4067	-409	0.33
4070	-408	0.33
4072	-407	0.50
4075	-406	0.33
4077	-405	0.50
4080	-404	0.33
4082	-403	0.50
4085	-402	0.33
4087	-401	0.50
4090	-400	0.33
4092	-399	0.50
4096	-398	0.25
4099	-397	0.33
4101	-396	0.50
4104	-395	0.33
4106	-394	0.50
4109	-393	0.33
4111	-392	0.50
4114	-391	0.33
4116	-390	0.50
4119	-389	0.33
4122	-388	0.33
4124	-387	0.50
4127	-386	0.33
4129	-385	0.50
4132	-384	0.33
4134	-383	0.50
4137	-382	0.33
4141	-381	0.25
4143	-380	0.50
4146	-379	0.33
4148	-378	0.50
4151	-377	0.33
4153	-376	0.50
4156	-375	0.33
4158	-374	0.50
4161	-373	0.33
4163	-372	0.50
4166	-371	0.33
4169	-370	0.33
4171	-369	0.50
4174	-368	0.33
4176	-367	0.50
4179	-366	0.33
4182	-365	0.33
4185	-364	0.33
4187	-363	0.50
4190	-362	0.33
4193	-361	0.33
4195	-360	0.50
4198	-359	0.33
4200	-358	0.50
4203	-357	0.33
4205	-356	0.50
4208	-355	0.33
4210	-354	0.50
4213	-353	0.33
4216	-352	0.33
4218	-351	0.50
4221	-350	0.33
4224	-349	0.33
4227	-348	0.33
4229	-347	0.50
4232	-346	0.33
4235	-345	0.33
4237	-344	0.50
4240	-343	0.33
4242	-342	0.50
4245	-341	0.33
4247	-340	0.50
4250	-339	0.33
4252	-338	0.50
4255	-337	0.33
4257	-336	0.50
4260	-335	0.33
4263	-334	0.33
4265	-333	0.50
4269	-332	0.25
4271	-331	0.50
4274	-330	0.33
4276	-329	0.50
4279	-328	0.33
4281	-327	0.50
4284	-326	0.33
4287	-325	0.33
4289	-324	0.50
4292	-323	0.33
4294	-322	0.50
4297	-321	0.33
4299	-320	0.50
4302	-319	0.33
4304	-318	0.50
4307	-317	0.33
4311	-316	0.25
4313	-315	0.50
4316	-314	0.33
4318	-313	0.50
4321	-312	0.33
4323	-311	0.50
4326	-310	0.33
4329	-309	0.33
4331	-308	0.50
4334	-307	0.33
4336	-306	0.50
4339	-305	0.33
4341	-304	0.50
4344	-303	0.33
4346	-302	0.50
4349	-301	0.33
4352	-300	0.33
4355	-299	0.33
4358	-298	0.33
4360	-297	0.50
4363	-296	0.33
4365	-295	0.50
4368	-294	0.33
4370	-293	0.50
4373	-292	0.33
4375	-291	0.50
4378	-290	0.33
4381	-289	0.33
4383	-288	0.50
4386	-287	0.33
4388	-286	0.50
4391	-285	0.33
4393	-284	0.50
4397	-283	0.25
4399	-282	0.50
4402	-281	0.33
4405	-280	0.33
4407	-279	0.50
4410	-278	0.33
4412	-277	0.50
4415	-276	0.33
4417	-275	0.50
4420	-274	0.33
4423	-273	0.33
4425	-272	0.50
4428	-271	0.33
4430	-270	0.50
4433	-269	0.33
4435	-268	0.50
4439	-267	0.25
4441	-266	0.50
4444	-265	0.33
4446	-264	0.50
4449	-263	0.33
4452	-262	0.33
4454	-261	0.50
4457	-260	0.33
4459	-259	0.50
4462	-258	0.33
4464	-257	0.50
4467	-256	0.33
4469	-255	0.50
4472	-254	0.33
4474	-253	0.50
4477	-252	0.33
4481	-251	0.25
4483	-250	0.50
4486	-249	0.33
4488	-248	0.50
4491	-247	0.33
4493	-246	0.50
4496	-245	0.33
4498	-244	0.50
4501	-243	0.33
4504	-242	0.33
4506	-241	0.50
4509	-240	0.33
4511	-239	0.50
4514	-238	0.33
4516	-237	0.50
4519	-236	0.33
4521	-235	0.50
4525	-234	0.25
4528	-233	0.33
4530	-232	0.50
4533	-231	0.33
4535	-230	0.50
4538	-229	0.33
4540	-228	0.50
4543	-227	0.33
4546	-226	0.33
4548	-225	0.50
4551	-224	0.33
4553	-223	0.50
4556	-222	0.33
4558	-221	0.50
4561	-220	0.33
4563	-219	0.50
4567	-218	0.25
4569	-217	0.50
4572	-216	0.33
4575	-215	0.33
4577	-214	0.50
4580	-213	0.33
4582	-212	0.50
4585	-211	0.33
4587	-210	0.50
4590	-209	0.33
4592	-208	0.50
4595	-207	0.33
4597	-206	0.50
4600	-205	0.33
4603	-204	0.33
4605	-203	0.50
4609	-202	0.25
4611	-201	0.50
4614	-200	0.33
4616	-199	0.50
4619	-198	0.33
4621	-197	0.50
4624	-196	0.33
4627	-195	0.33
4629	-194	0.50
4632	-193	0.33
4634	-192	0.50
4637	-191	0.33
4639	-190	0.50
4642	-189	0.33
4645	-188	0.33
4647	-187	0.50
4651	-186	0.25
4653	-185	0.50
4656	-184	0.33
4658	-183	0.50
4661	-182	0.33
4663	-181	0.50
4666	-180	0.33
4669	-179	0.33
4671	-178	0.50
4674	-177	0.33
4676	-176	0.50
4679	-175	0.33
4681	-174	0.50
4684	-173	0.33
4686	-172	0.50
4689	-171	0.33
4691	-170	0.50
4695	-169	0.25
4698	-168	0.33
4700	-167	0.50
4703	-166	0.33
4705	-165	0.50
4708	-164	0.33
4710	-163	0.50
4713	-162	0.33
4715	-161	0.50
4718	-160	0.33
4721	-159	0.33
4723	-158	0.50
4726	-157	0.33
4728	-156	0.50
4731	-155	0.33
4733	-154	0.50
4737	-153	0.25
4739	-152	0.50
4742	-151	0.33
4744	-150	0.50
4747	-149	0.33
4750	-148	0.33
4752	-147	0.50
4755	-146	0.33
4757	-145	0.50
4760	-144	0.33
4762	-143	0.50
4765	-142	0.33
4768	-141	0.33
4770	-140	0.50
4773	-139	0.33
4775	-138	0.50
4779	-137	0.25
4781	-136	0.50
4784	-135	0.33
4786	-134	0.50
4789	-133	0.33
4791	-132	0.50
4794	-131	0.33
4797	-130	0.33
4799	-129	0.50
4802	-128	0.33
4804	-127	0.50
4807	-126	0.33
4809	-125	0.50
4812	-124	0.33
4814	-123	0.50
4817	-122	0.33
4819	-121	0.50
4823	-120	0.25
4826	-119	0.33
4828	-118	0.50
4831	-117	0.33
4833	-116	0.50
4836	-115	0.33
4838	-114	0.50
4841	-113	0.33
4843	-112	0.50
4846	-111	0.33
4849	-110	0.33
4851	-109	0.50
4854	-108	0.33
4856	-107	0.50
4859	-106	0.33
4861	-105	0.50
4865	-104	0.25
4867	-103	0.50
4870	-102	0.33
4873	-101	0.33
4875	-100	0.50
4878	-99	0.33
4880	-98	0.50
4883	-97	0.33
4885	-96	0.50
4888	-95	0.33
4891	-94	0.33
4893	-93	0.50
4896	-92	0.33
4898	-91	0.50
4901	-90	0.33
4903	-89	0.50
4907	-88	0.25
4909	-87	0.50
4912	-86	0.33
4914	-85	0.50
4917	-84	0.33
4920	-83	0.33
4922	-82	0.50
4925	-81	0.33
4927	-80	0.50
4930	-79	0.33
4932	-78	0.50
4935	-77	0.33
4937	-76	0.50
4940	-75	0.33
4942	-74	0.50
4945	-73	0.33
4948	-72	0.33
4951	-71	0.33
4954	-70	0.33
4956	-69	0.50
4959	-68	0.33
4961	-67	0.50
4964	-66	0.33
4966	-65	0.50
4969	-64	0.33
4972	-63	0.33
4974	-62	0.50
4977	-61	0.33
4979	-60	0.50
4982	-59	0.33
4984	-58	0.50
4987	-57	0.33
4989	-56	0.50
4993	-55	0.25
4995	-54	0.50
4998	-53	0.33
5001	-52	0.33
5003	-51	0.50
5006	-50	0.33
5008	-49	0.50
5011	-48	0.33
5013	-47	0.50
5016	-46	0.33
5019	-45	0.33
5021	-44	0.50
5024	-43	0.33
5026	-42	0.50
5029	-41	0.33
5031	-40	0.50
5035	-39	0.25
5037	-38	0.50
5040	-37	0.33
5042	-36	0.50
5045	-35	0.33
5048	-34	0.33
5050	-33	0.50
5053	-32	0.33
5055	-31	0.50
5058	-30	0.33
5060	-29	0.50
5063	-28	0.33
5065	-27	0.50
5068	-26	0.33
5071	-25	0.33
5073	-24	0.50
5076	-23	0.33
5079	-22	0.33
5082	-21	0.33
5084	-20	0.50
5087	-19	0.33
5089	-18	0.50
5092	-17	0.33
5094	-16	0.50
5097	-15	0.33
5100	-14	0.33
5102	-13	0.50
5105	-12	0.33
5107	-11	0.50
5110	-10	0.33
5112	-9	0.50
5115	-8	0.33
5117	-7	0.50
5121	-6	0.25
5124	-5	0.33
5126	-4	0.50
5129	-3	0.33
5131	-2	0.50
5134	-1	0.33
5136	0	0.50
5139	1	0.33
5142	2	0.33
5144	3	0.50
5147	4	0.33
5149	5	0.50
5152	6	0.33
5154	7	0.50
5157	8	0.33
5159	9	0.50
5163	10	0.25
5165	11	0.50
5168	12	0.33
5171	13	0.33
5173	14	0.50
5176	15	0.33
5178	16	0.50
5181	17	0.33
5183	18	0.50
5186	19	0.33
5188	20	0.50
5191	21	0.33
5193	22	0.50
5196	23	0.33
5199	24	0.33
5201	25	0.50
5204	26	0.33
5207	27	0.33
5210	28	0.33
5212	29	0.50
5215	30	0.33
5217	31	0.50
5220	32	0.33
5222	33	0.50
5225	34	0.33
5228	35	0.33
5230	36	0.50
5233	37	0.33
5235	38	0.50
5238	39	0.33
5240	40	0.50
5243	41	0.33
5245	42	0.50
5249	43	0.25
5252	44	0.33
5254	45	0.50
5257	46	0.33
5259	47	0.50
5262	48	0.33
5264	49	0.50
5267	50	0.33
5269	51	0.50
5272	52	0.33
5275	53	0.33
5277	54	0.50
5280	55	0.33
5282	56	0.50
5285	57	0.33
5287	58	0.50
5291	59	0.25
5293	60	0.50
5296	61	0.33
5299	62	0.33
5301	63	0.50
5304	64	0.33
5306	65	0.50
5309	66	0.33
5311	67	0.50
5314	68	0.33
5316	69	0.50
5319	70	0.33
5321	71	0.50
5324	72	0.33
5327	73	0.33
5329	74	0.50
5332	75	0.33
5335	76	0.33
5338	77	0.33
5340	78	0.50
5343	79	0.33
5345	80	0.50
5348	81	0.33
5350	82	0.50
5353	83	0.33
5356	84	0.33
5358	85	0.50
5361	86	0.33
5363	87	0.50
5366	88	0.33
5368	89	0.50
5371	90	0.33
5373	91	0.50
5377	92	0.25
5380	93	0.33
5382	94	0.50
5385	95	0.33
5387	96	0.50
5390	97	0.33
5392	98	0.50
5395	99	0.33
5397	100	0.50
5400	101	0.33
5402	102	0.50
5405	103	0.33
5408	104	0.33
5410	105	0.50
5413	106	0.33
5415	107	0.50
5419	108	0.25
5421	109	0.50
5424	110	0.33
5427	111	0.33
5429	112	0.50
5432	113	0.33
5434	114	0.50
5437	115	0.33
5439	116	0.50
5442	117	0.33
5444	118	0.50
5447	119	0.33
5449	120	0.50
5452	121	0.33
5455	122	0.33
5457	123	0.50
5460	124	0.33
5463	125	0.33
5466	126	0.33
5468	127	0.50
5471	128	0.33
5473	129	0.50
5476	130	0.33
5479	131	0.33
5481	132	0.50
5484	133	0.33
5486	134	0.50
5489	135	0.33
5491	136	0.50
5494	137	0.33
5496	138	0.50
5499	139	0.33
5501	140	0.50
5505	141	0.25
5508	142	0.33
5510	143	0.50
5513	144	0.33
5515	145	0.50
5518	146	0.33
5520	147	0.50
5523	148	0.33
5525	149	0.50
5528	150	0.33
5531	151	0.33
5533	152	0.50
5536	153	0.33
5538	154	0.50
5541	155	0.33
5543	156	0.50
5547	157	0.25
5550	158	0.33
5552	159	0.50
5555	160	0.33
5557	161	0.50
5560	162	0.33
5562	163	0.50
5565	164	0.33
5567	165	0.50
5570	166	0.33
5572	167	0.50
5575	168	0.33
5578	169	0.33
5580	170	0.50
5583	171	0.33
5585	172	0.50
5588	173	0.33
5591	174	0.33
5594	175	0.33
5596	176	0.50
5599	177	0.33
5601	178	0.50
5604	179	0.33
5607	180	0.33
5609	181	0.50
5612	182	0.33
5614	183	0.50
5617	184	0.33
5619	185	0.50
5622	186	0.33
5624	187	0.50
5627	188	0.33
5630	189	0.33
5633	190	0.33
5636	191	0.33
5638	192	0.50
5641	193	0.33
5643	194	0.50
5646	195	0.33
5648	196	0.50
5651	197	0.33
5653	198	0.50
5656	199	0.33
5659	200	0.33
5661	201	0.50
5664	202	0.33
5666	203	0.50
5669	204	0.33
5671	205	0.50
5675	206	0.25
5678	207	0.33
5680	208	0.50
5683	209	0.33
5685	210	0.50
5688	211	0.33
5690	212	0.50
5693	213	0.33
5695	214	0.50
5698	215	0.33
5700	216	0.50
5703	217	0.33
5706	218	0.33
5708	219	0.50
5711	220	0.33
5713	221	0.50
5716	222	0.33
5719	223	0.33
5722	224	0.33
5724	225	0.50
5727	226	0.33
5730	227	0.33
5732	228	0.50
5735	229	0.33
5737	230	0.50
5740	231	0.33
5742	232	0.50
5745	233	0.33
5747	234	0.50
5750	235	0.33
5753	236	0.33
5755	237	0.50
5758	238	0.33
5761	239	0.33
5764	240	0.33
5766	241	0.50
5769	242	0.33
5772	243	0.33
5774	244	0.50
5777	245	0.33
5779	246	0.50
5782	247	0.33
5784	248	0.50
5787	249	0.33
5789	250	0.50
5792	251	0.33
5794	252	0.50
5797	253	0.33
5800	254	0.33
5803	255	0.33
5806	256	0.33
5808	257	0.50
5811	258	0.33
5813	259	0.50
5816	260	0.33
5818	261	0.50
5821	262	0.33
5823	263	0.50
5826	264	0.33
5829	265	0.33
5831	266	0.50
5834	267	0.33
5836	268	0.50
5839	269	0.33
5841	270	0.50
5844	271	0.33
5847	272	0.33
5850	273	0.33
5852	274	0.50
5855	275	0.33
5858	276	0.33
5860	277	0.50
5863	278	0.33
5865	279	0.50
5868	280	0.33
5870	281	0.50
5873	282	0.33
5875	283	0.50
5878	284	0.33
5881	285	0.33
5883	286	0.50
5886	287	0.33
5889	288	0.33
5892	289	0.33
5894	290	0.50
5897	291	0.33
5899	292	0.50
5902	293	0.33
5904	294	0.50
5907	295	0.33
5910	296	0.33
5912	297	0.50
5915	298	0.33
5917	299	0.50
5920	300	0.33
5922	301	0.50
5925	302	0.33
5928	303	0.33
5931	304	0.33
5934	305	0.33
5936	306	0.50
5939	307	0.33
5941	308	0.50
5944	309	0.33
5946	310	0.50
5949	311	0.33
5951	312	0.50
5954	313	0.33
5957	314	0.33
5959	315	0.50
5962	316	0.33
5964	317	0.50
5967	318	0.33
5969	319	0.50
5972	320	0.33
5975	321	0.33
5978	322	0.33
5980	323	0.50
5983	324	0.33
5986	325	0.33
5988	326	0.50
5991	327	0.33
5993	328	0.50
5996	329	0.33
5998	330	0.50
6001	331	0.33
6003	332	0.50
6006	333	0.33
6008	334	0.50
6011	335	0.33
6014	336	0.33
6017	337	0.33
6020	338	0.33
6022	339	0.50
6025	340	0.33
6027	341	0.50
6030	342	0.33
6032	343	0.50
6035	344	0.33
6038	345	0.33
6040	346	0.50
6043	347	0.33
6045	348	0.50
6048	349	0.33
6050	350	0.50
6053	351	0.33
6055	352	0.50
6059	353	0.25
6061	354	0.50
6064	355	0.33
6067	356	0.33
6069	357	0.50
6072	358	0.33
6074	359	0.50
6077	360	0.33
6079	361	0.50
6082	362	0.33
6085	363	0.33
6087	364	0.50
6090	365	0.33
6092	366	0.50
6095	367	0.33
6097	368	0.50
6100	369	0.33
6103	370	0.33
6106	371	0.33
6108	372	0.50
6111	373	0.33
6114	374	0.33
6116	375	0.50
6119	376	0.33
6121	377	0.50
6124	378	0.33
6126	379	0.50
6129	380	0.33
6131	381	0.50
6134	382	0.33
6136	383	0.50
6139	384	0.33
6142	385	0.33
6145	386	0.33
6148	387	0.33
6150	388	0.50
6153	389	0.33
6155	390	0.50
6158	391	0.33
6160	392	0.50
6163	393	0.33
6166	394	0.33
6168	395	0.50
6171	396	0.33
6173	397	0.50
6176	398	0.33
6178	399	0.50
6181	400	0.33
6183	401	0.50
6187	402	0.25
6190	403	0.33
6192	404	0.50
6195	405	0.33
6197	406	0.50
6200	407	0.33
6202	408	0.50
6205	409	0.33
6207	410	0.50
6210	411	0.33
6213	412	0.33
6215	413	0.50
6218	414	0.33
6220	415	0.50
6223	416	0.33
6225	417	0.50
6228	418	0.33
6231	419	0.33
6234	420	0.33
6237	421	0.33
6239	422	0.50
6242	423	0.33
6244	424	0.50
6247	425	0.33
6249	426	0.50
6252	427	0.33
6254	428	0.50
6257	429	0.33
6259	430	0.50
6262	431	0.33
6264	432	0.50
6267	433	0.33
6270	434	0.33
6273	435	0.33
6276	436	0.33
6278	437	0.50
6281	438	0.33
6283	439	0.50
6286	440	0.33
6288	441	0.50
6291	442	0.33
6294	443	0.33
6296	444	0.50
6299	445	0.33
6301	446	0.50
6304	447	0.33
6306	448	0.50
6309	449	0.33
6311	450	0.50
6315	451	0.25
6317	452	0.50
6320	453	0.33
6323	454	0.33
6325	455	0.50
6328	456	0.33
6330	457	0.50
6333	458	0.33
6335	459	0.50
6338	460	0.33
6340	461	0.50
6343	462	0.33
6346	463	0.33
6348	464	0.50
6351	465	0.33
6353	466	0.50
6356	467	0.33
6359	468	0.33
6362	469	0.33
6364	470	0.50
6367	471	0.33
6370	472	0.33
6372	473	0.50
6375	474	0.33
6377	475	0.50
6380	476	0.33
6382	477	0.50
6385	478	0.33
6387	479	0.50
6390	480	0.33
6393	481	0.33
6395	482	0.50
6398	483	0.33
6401	484	0.33
6404	485	0.33
6406	486	0.50
6409	487	0.33
6411	488	0.50
6414	489	0.33
6416	490	0.50
6419	491	0.33
6422	492	0.33
6424	493	0.50
6427	494	0.33
6429	495	0.50
6432	496	0.33
6434	497	0.50
6437	498	0.33
6439	499	0.50
6443	500	0.25
6445	501	0.50
6448	502	0.33
6451	503	0.33
6453	504	0.50
6456	505	0.33
6458	506	0.50
6461	507	0.33
6463	508	0.50
6466	509	0.33
6468	510	0.50
6471	511	0.33
6474	512	0.33
6476	513	0.50
6479	514	0.33
6481	515	0.50
6484	516	0.33
6487	517	0.33
6490	518	0.33
6493	519	0.33
6495	520	0.50
6498	521	0.33
6500	522	0.50
6503	523	0.33
6505	524	0.50
6508	525	0.33
6510	526	0.50
6513	527	0.33
6515	528	0.50
6518	529	0.33
6521	530	0.33
6523	531	0.50
6526	532	0.33
6529	533	0.33
6532	534	0.33
6534	535	0.50
6537	536	0.33
6539	537	0.50
6542	538	0.33
6544	539	0.50
6547	540	0.33
6550	541	0.33
6552	542	0.50
6555	543	0.33
6557	544	0.50
6560	545	0.33
6562	546	0.50
6565	547	0.33
6567	548	0.50
6571	549	0.25
6573	550	0.50
6576	551	0.33
6579	552	0.33
6581	553	0.50
6584	554	0.33
6586	555	0.50
6589	556	0.33
6591	557	0.50
6594	558	0.33
6596	559	0.50
6599	560	0.33
6602	561	0.33
6604	562	0.50
6607	563	0.33
6609	564	0.50
6612	565	0.33
6615	566	0.33
6618	567	0.33
6620	568	0.50
6623	569	0.33
6625	570	0.50
6628	571	0.33
6631	572	0.33
6633	573	0.50
6636	574	0.33
6638	575	0.50
6641	576	0.33
6643	577	0.50
6646	578	0.33
6649	579	0.33
6651	580	0.50
6654	581	0.33
6657	582	0.33
6660	583	0.33
6662	584	0.50
6665	585	0.33
6667	586	0.50
6670	587	0.33
6672	588	0.50
6675	589	0.33
6678	590	0.33
6680	591	0.50
6683	592	0.33
6685	593	0.50
6688	594	0.33
6690	595	0.50
6693	596	0.33
6695	597	0.50
6699	598	0.25
6701	599	0.50
6704	600	0.33
6707	601	0.33
6709	602	0.50
6712	603	0.33
6714	604	0.50
6717	605	0.33
6719	606	0.50
6722	607	0.33
6724	608	0.50
6727	609	0.33
6729	610	0.50
6732	611	0.33
6735	612	0.33
6737	613	0.50
6740	614	0.33
6743	615	0.33
6746	616	0.33
6748	617	0.50
6751	618	0.33
6753	619	0.50
6756	620	0.33
6759	621	0.33
6761	622	0.50
6764	623	0.33
6766	624	0.50
6769	625	0.33
6771	626	0.50
6774	627	0.33
6776	628	0.50
6779	629	0.33
6781	630	0.50
6785	631	0.25
6788	632	0.33
6790	633	0.50
6793	634	0.33
6795	635	0.50
6798	636	0.33
6800	637	0.50
6803	638	0.33
6806	639	0.33
6808	640	0.50
6811	641	0.33
6813	642	0.50
6816	643	0.33
6818	644	0.50
6821	645	0.33
6823	646	0.50
6827	647	0.25
6829	648	0.50
6832	649	0.33
6835	650	0.33
6837	651	0.50
6840	652	0.33
6842	653	0.50
6845	654	0.33
6847	655	0.50
6850	656	0.33
6852	657	0.50
6855	658	0.33
6857	659	0.50
6860	660	0.33
6863	661	0.33
6865	662	0.50
6868	663	0.33
6871	664	0.33
6874	665	0.33
6876	666	0.50
6879	667	0.33
6881	668	0.50
6884	669	0.33
6886	670	0.50
6889	671	0.33
6892	672	0.33
6894	673	0.50
6897	674	0.33
6899	675	0.50
6902	676	0.33
6904	677	0.50
6907	678	0.33
6909	679	0.50
6913	680	0.25
6916	681	0.33
6918	682	0.50
6921	683	0.33
6923	684	0.50
6926	685	0.33
6928	686	0.50
6931	687	0.33
6933	688	0.50
6936	689	0.33
6938	690	0.50
6941	691	0.33
6944	692	0.33
6946	693	0.50
6949	694	0.33
6951	695	0.50
6955	696	0.25
6957	697	0.50
6960	698	0.33
6962	699	0.50
6965	700	0.33
6967	701	0.50
6970	702	0.33
6973	703	0.33
6975	704	0.50
6978	705	0.33
6980	706	0.50
6983	707	0.33
6985	708	0.50
6988	709	0.33
6990	710	0.50
6993	711	0.33
6996	712	0.33
6999	713	0.33
7002	714	0.33
