15	-1	-0.07
25	-2	-0.10
32	-3	-0.14
39	-4	-0.14
46	-5	-0.14
51	-6	-0.20
56	-7	-0.20
61	-8	-0.20
66	-9	-0.20
71	-10	-0.20
75	-11	-0.25
80	-12	-0.20
84	-13	-0.25
89	-14	-0.20
94	-15	-0.20
98	-16	-0.25
102	-17	-0.25
106	-18	-0.25
110	-19	-0.25
113	-20	-0.33
117	-21	-0.25
121	-22	-0.25
125	-23	-0.25
129	-24	-0.25
133	-25	-0.25
137	-26	-0.25
140	-27	-0.33
144	-28	-0.25
148	-29	-0.25
151	-30	-0.33
155	-31	-0.25
158	-32	-0.33
162	-33	-0.25
165	-34	-0.33
169	-35	-0.25
173	-36	-0.25
177	-37	-0.25
180	-38	-0.33
184	-39	-0.25
187	-40	-0.33
191	-41	-0.25
194	-42	-0.33
197	-43	-0.33
201	-44	-0.25
204	-45	-0.33
207	-46	-0.33
211	-47	-0.25
215	-48	-0.25
218	-49	-0.33
222	-50	-0.25
225	-51	-0.33
228	-52	-0.33
232	-53	-0.25
235	-54	-0.33
238	-55	-0.33
241	-56	-0.33
245	-57	-0.25
248	-58	-0.33
251	-59	-0.33
256	-60	-0.20
259	-61	-0.33
262	-62	-0.33
265	-63	-0.33
269	-64	-0.25
272	-65	-0.33
275	-66	-0.33
278	-67	-0.33
282	-68	-0.25
285	-69	-0.33
288	-70	-0.33
291	-71	-0.33
294	-72	-0.33
299	-73	-0.20
302	-74	-0.33
305	-75	-0.33
308	-76	-0.33
312	-77	-0.25
315	-78	-0.33
318	-79	-0.33
321	-80	-0.33
324	-81	-0.33
328	-82	-0.25
331	-83	-0.33
334	-84	-0.33
337	-85	-0.33
340	-86	-0.33
345	-87	-0.20
348	-88	-0.33
351	-89	-0.33
354	-90	-0.33
357	-91	-0.33
361	-92	-0.25
364	-93	-0.33
367	-94	-0.33
370	-95	-0.33
373	-96	-0.33
376	-97	-0.33
380	-98	-0.25
384	-99	-0.25
387	-100	-0.33
390	-101	-0.33
393	-102	-0.33
397	-103	-0.25
400	-104	-0.33
403	-105	-0.33
406	-106	-0.33
409	-107	-0.33
412	-108	-0.33
416	-109	-0.25
419	-110	-0.33
422	-111	-0.33
425	-112	-0.33
429	-113	-0.25
433	-114	-0.25
436	-115	-0.33
439	-116	-0.33
442	-117	-0.33
445	-118	-0.33
448	-119	-0.33
451	-120	-0.33
455	-121	-0.25
458	-122	-0.33
461	-123	-0.33
464	-124	-0.33
467	-125	-0.33
472	-126	-0.20
475	-127	-0.33
478	-128	-0.33
481	-129	-0.33
484	-130	-0.33
487	-131	-0.33
490	-132	-0.33
494	-133	-0.25
497	-134	-0.33
500	-135	-0.33
503	-136	-0.33
506	-137	-0.33
509	-138	-0.33
514	-139	-0.20
517	-140	-0.33
520	-141	-0.33
523	-142	-0.33
526	-143	-0.33
529	-144	-0.33
533	-145	-0.25
536	-146	-0.33
539	-147	-0.33
542	-148	-0.33
545	-149	-0.33
548	-150	-0.33
552	-151	-0.25
556	-152	-0.25
559	-153	-0.33
562	-154	-0.33
565	-155	-0.33
568	-156	-0.33
571	-157	-0.33
575	-158	-0.25
578	-159	-0.33
581	-160	-0.33
584	-161	-0.33
587	-162	-0.33
590	-163	-0.33
594	-164	-0.25
598	-165	-0.25
601	-166	-0.33
604	-167	-0.33
607	-168	-0.33
610	-169	-0.33
613	-170	-0.33
617	-171	-0.25
620	-172	-0.33
623	-173	-0.33
626	-174	-0.33
629	-175	-0.33
632	-176	-0.33
635	-177	-0.33
640	-178	-0.20
643	-179	-0.33
646	-180	-0.33
649	-181	-0.33
652	-182	-0.33
655	-183	-0.33
659	-184	-0.25
662	-185	-0.33
665	-186	-0.33
668	-187	-0.33
671	-188	-0.33
674	-189	-0.33
677	-190	-0.33
681	-191	-0.25
685	-192	-0.25
688	-193	-0.33
691	-194	-0.33
694	-195	-0.33
697	-196	-0.33
701	-197	-0.25
704	-198	-0.33
707	-199	-0.33
710	-200	-0.33
713	-201	-0.33
716	-202	-0.33
719	-203	-0.33
722	-204	-0.33
727	-205	-0.20
730	-206	-0.33
733	-207	-0.33
736	-208	-0.33
739	-209	-0.33
742	-210	-0.33
745	-211	-0.33
749	-212	-0.25
752	-213	-0.33
755	-214	-0.33
758	-215	-0.33
761	-216	-0.33
764	-217	-0.33
768	-218	-0.25
772	-219	-0.25
775	-220	-0.33
778	-221	-0.33
781	-222	-0.33
784	-223	-0.33
787	-224	-0.33
790	-225	-0.33
794	-226	-0.25
797	-227	-0.33
800	-228	-0.33
803	-229	-0.33
806	-230	-0.33
809	-231	-0.33
814	-232	-0.20
817	-233	-0.33
820	-234	-0.33
823	-235	-0.33
826	-236	-0.33
829	-237	-0.33
832	-238	-0.33
835	-239	-0.33
839	-240	-0.25
842	-241	-0.33
845	-242	-0.33
848	-243	-0.33
851	-244	-0.33
856	-245	-0.20
859	-246	-0.33
862	-247	-0.33
865	-248	-0.33
868	-249	-0.33
871	-250	-0.33
874	-251	-0.33
877	-252	-0.33
881	-253	-0.25
884	-254	-0.33
887	-255	-0.33
890	-256	-0.33
893	-257	-0.33
897	-258	-0.25
900	-259	-0.33
904	-260	-0.25
907	-261	-0.33
910	-262	-0.33
913	-263	-0.33
916	-264	-0.33
919	-265	-0.33
922	-266	-0.33
926	-267	-0.25
929	-268	-0.33
932	-269	-0.33
935	-270	-0.33
939	-271	-0.25
942	-272	-0.33
945	-273	-0.33
949	-274	-0.25
952	-275	-0.33
955	-276	-0.33
958	-277	-0.33
961	-278	-0.33
964	-279	-0.33
968	-280	-0.25
971	-281	-0.33
974	-282	-0.33
977	-283	-0.33
980	-284	-0.33
984	-285	-0.25
987	-286	-0.33
990	-287	-0.33
994	-288	-0.25
997	-289	-0.33
1000	-290	-0.33
1003	-291	-0.33
1006	-292	-0.33
1009	-293	-0.33
1013	-294	-0.25
1016	-295	-0.33
1019	-296	-0.33
1022	-297	-0.33
1026	-298	-0.25
1029	-299	-0.33
1032	-300	-0.33
1035	-301	-0.33
1039	-302	-0.25
1042	-303	-0.33
1045	-304	-0.33
1048	-305	-0.33
1051	-306	-0.33
1054	-307	-0.33
1058	-308	-0.25
1061	-309	-0.33
1064	-310	-0.33
1068	-311	-0.25
1071	-312	-0.33
1074	-313	-0.33
1077	-314	-0.33
1081	-315	-0.25
1084	-316	-0.33
1087	-317	-0.33
1090	-318	-0.33
1093	-319	-0.33
1096	-320	-0.33
1099	-321	-0.33
1103	-322	-0.25
1106	-323	-0.33
1110	-324	-0.25
1113	-325	-0.33
1116	-326	-0.33
1119	-327	-0.33
1123	-328	-0.25
1126	-329	-0.33
1129	-330	-0.33
1132	-331	-0.33
1135	-332	-0.33
1138	-333	-0.33
1141	-334	-0.33
1145	-335	-0.25
1148	-336	-0.33
1152	-337	-0.25
1155	-338	-0.33
1158	-339	-0.33
1161	-340	-0.33
1165	-341	-0.25
1168	-342	-0.33
1171	-343	-0.33
1174	-344	-0.33
1177	-345	-0.33
1180	-346	-0.33
1183	-347	-0.33
1187	-348	-0.25
1190	-349	-0.33
1193	-350	-0.33
1197	-351	-0.25
1200	-352	-0.33
1203	-353	-0.33
1206	-354	-0.33
1210	-355	-0.25
1213	-356	-0.33
1216	-357	-0.33
1219	-358	-0.33
1222	-359	-0.33
1225	-360	-0.33
1228	-361	-0.33
1231	-362	-0.33
1235	-363	-0.25
1239	-364	-0.25
1242	-365	-0.33
1245	-366	-0.33
1248	-367	-0.33
1251	-368	-0.33
1254	-369	-0.33
1258	-370	-0.25
1261	-371	-0.33
1264	-372	-0.33
1267	-373	-0.33
1270	-374	-0.33
1273	-375	-0.33
1277	-376	-0.25
1281	-377	-0.25
1284	-378	-0.33
1287	-379	-0.33
1290	-380	-0.33
1293	-381	-0.33
1296	-382	-0.33
1299	-383	-0.33
1303	-384	-0.25
1306	-385	-0.33
1309	-386	-0.33
1312	-387	-0.33
1315	-388	-0.33
1318	-389	-0.33
1323	-390	-0.20
1326	-391	-0.33
1329	-392	-0.33
1332	-393	-0.33
1335	-394	-0.33
1338	-395	-0.33
1341	-396	-0.33
1344	-397	-0.33
1348	-398	-0.25
1351	-399	-0.33
1354	-400	-0.33
1357	-401	-0.33
1360	-402	-0.33
1363	-403	-0.33
1367	-404	-0.25
1371	-405	-0.25
1374	-406	-0.33
1377	-407	-0.33
1380	-408	-0.33
1383	-409	-0.33
1386	-410	-0.33
1389	-411	-0.33
1393	-412	-0.25
1396	-413	-0.33
1399	-414	-0.33
1402	-415	-0.33
1405	-416	-0.33
1409	-417	-0.25
1412	-418	-0.33
1416	-419	-0.25
1419	-420	-0.33
1422	-421	-0.33
1425	-422	-0.33
1428	-423	-0.33
1431	-424	-0.33
1434	-425	-0.33
1438	-426	-0.25
1441	-427	-0.33
1444	-428	-0.33
1447	-429	-0.33
1451	-430	-0.25
1454	-431	-0.33
1457	-432	-0.33
1460	-433	-0.33
1464	-434	-0.25
1467	-435	-0.33
1470	-436	-0.33
1473	-437	-0.33
1476	-438	-0.33
1479	-439	-0.33
1482	-440	-0.33
1486	-441	-0.25
1489	-442	-0.33
1492	-443	-0.33
1496	-444	-0.25
1499	-445	-0.33
1502	-446	-0.33
1505	-447	-0.33
1509	-448	-0.25
1512	-449	-0.33
1515	-450	-0.33
1518	-451	-0.33
1521	-452	-0.33
1524	-453	-0.33
1527	-454	-0.33
1530	-455	-0.33
1534	-456	-0.25
1538	-457	-0.25
1541	-458	-0.33
1544	-459	-0.33
1547	-460	-0.33
1550	-461	-0.33
1554	-462	-0.25
1557	-463	-0.33
1560	-464	-0.33
1563	-465	-0.33
1566	-466	-0.33
1569	-467	-0.33
1572	-468	-0.33
1575	-469	-0.33
1580	-470	-0.20
1583	-471	-0.33
1586	-472	-0.33
1589	-473	-0.33
1592	-474	-0.33
1595	-475	-0.33
1598	-476	-0.33
1602	-477	-0.25
1605	-478	-0.33
1608	-479	-0.33
1611	-480	-0.33
1614	-481	-0.33
1617	-482	-0.33
1622	-483	-0.20
1625	-484	-0.33
1628	-485	-0.33
1631	-486	-0.33
1634	-487	-0.33
1637	-488	-0.33
1640	-489	-0.33
1643	-490	-0.33
1647	-491	-0.25
1650	-492	-0.33
1653	-493	-0.33
1656	-494	-0.33
1659	-495	-0.33
1662	-496	-0.33
1667	-497	-0.20
1670	-498	-0.33
1673	-499	-0.33
1676	-500	-0.33
1679	-501	-0.33
1682	-502	-0.33
1685	-503	-0.33
1689	-504	-0.25
1692	-505	-0.33
1695	-506	-0.33
1698	-507	-0.33
1701	-508	-0.33
1704	-509	-0.33
1708	-510	-0.25
1712	-511	-0.25
1715	-512	-0.33
1718	-513	-0.33
1721	-514	-0.33
1724	-515	-0.33
1727	-516	-0.33
1730	-517	-0.33
1733	-518	-0.33
1737	-519	-0.25
1740	-520	-0.33
1743	-521	-0.33
1746	-522	-0.33
1750	-523	-0.25
1753	-524	-0.33
1756	-525	-0.33
1760	-526	-0.25
1763	-527	-0.33
1766	-528	-0.33
1769	-529	-0.33
1772	-530	-0.33
1775	-531	-0.33
1778	-532	-0.33
1782	-533	-0.25
1785	-534	-0.33
1788	-535	-0.33
1792	-536	-0.25
1795	-537	-0.33
1798	-538	-0.33
1801	-539	-0.33
1804	-540	-0.33
1808	-541	-0.25
1811	-542	-0.33
1814	-543	-0.33
1817	-544	-0.33
1820	-545	-0.33
1823	-546	-0.33
1827	-547	-0.25
1830	-548	-0.33
1833	-549	-0.33
1837	-550	-0.25
1840	-551	-0.33
1843	-552	-0.33
1846	-553	-0.33
1849	-554	-0.33
1853	-555	-0.25
1856	-556	-0.33
1859	-557	-0.33
1862	-558	-0.33
1865	-559	-0.33
1868	-560	-0.33
1871	-561	-0.33
1875	-562	-0.25
1879	-563	-0.25
1882	-564	-0.33
1885	-565	-0.33
1888	-566	-0.33
1891	-567	-0.33
1895	-568	-0.25
1898	-569	-0.33
1901	-570	-0.33
1904	-571	-0.33
1907	-572	-0.33
1910	-573	-0.33
1913	-574	-0.33
1916	-575	-0.33
1921	-576	-0.20
1924	-577	-0.33
1927	-578	-0.33
1930	-579	-0.33
1933	-580	-0.33
1936	-581	-0.33
1939	-582	-0.33
1943	-583	-0.25
1946	-584	-0.33
1949	-585	-0.33
1952	-586	-0.33
1955	-587	-0.33
1958	-588	-0.33
1961	-589	-0.33
1965	-590	-0.25
1969	-591	-0.25
1972	-592	-0.33
1975	-593	-0.33
1978	-594	-0.33
1981	-595	-0.33
1984	-596	-0.33
1987	-597	-0.33
1991	-598	-0.25
1994	-599	-0.33
1997	-600	-0.33
2000	-601	-0.33
2003	-602	-0.33
2007	-603	-0.25
2010	-604	-0.33
2014	-605	-0.25
2017	-606	-0.33
2020	-607	-0.33
2023	-608	-0.33
2026	-609	-0.33
2029	-610	-0.33
2032	-611	-0.33
2035	-612	-0.33
2039	-613	-0.25
2042	-614	-0.33
2045	-615	-0.33
2049	-616	-0.25
2052	-617	-0.33
2055	-618	-0.33
2058	-619	-0.33
2062	-620	-0.25
2065	-621	-0.33
2068	-622	-0.33
2071	-623	-0.33
2074	-624	-0.33
2077	-625	-0.33
2080	-626	-0.33
2084	-627	-0.25
2087	-628	-0.33
2091	-629	-0.25
2094	-630	-0.33
2097	-631	-0.33
2100	-632	-0.33
2103	-633	-0.33
2106	-634	-0.33
2110	-635	-0.25
2113	-636	-0.33
2116	-637	-0.33
2119	-638	-0.33
2122	-639	-0.33
2125	-640	-0.33
2129	-641	-0.25
2132	-642	-0.33
2136	-643	-0.25
2139	-644	-0.33
2142	-645	-0.33
2145	-646	-0.33
2148	-647	-0.33
2151	-648	-0.33
2155	-649	-0.25
2158	-650	-0.33
2161	-651	-0.33
2164	-652	-0.33
2167	-653	-0.33
2170	-654	-0.33
2173	-655	-0.33
2178	-656	-0.20
2181	-657	-0.33
2184	-658	-0.33
2187	-659	-0.33
2190	-660	-0.33
2193	-661	-0.33
2196	-662	-0.33
2200	-663	-0.25
2203	-664	-0.33
2206	-665	-0.33
2209	-666	-0.33
2212	-667	-0.33
2215	-668	-0.33
2219	-669	-0.25
2223	-670	-0.25
2226	-671	-0.33
2229	-672	-0.33
2232	-673	-0.33
2235	-674	-0.33
2238	-675	-0.33
2242	-676	-0.25
2245	-677	-0.33
2248	-678	-0.33
2251	-679	-0.33
2254	-680	-0.33
2257	-681	-0.33
2260	-682	-0.33
2264	-683	-0.25
2267	-684	-0.33
2271	-685	-0.25
2274	-686	-0.33
2277	-687	-0.33
2280	-688	-0.33
2283	-689	-0.33
2286	-690	-0.33
2289	-691	-0.33
2293	-692	-0.25
2296	-693	-0.33
2299	-694	-0.33
2302	-695	-0.33
2306	-696	-0.25
2309	-697	-0.33
2312	-698	-0.33
2316	-699	-0.25
2319	-700	-0.33
2322	-701	-0.33
2325	-702	-0.33
2328	-703	-0.33
2331	-704	-0.33
2334	-705	-0.33
2337	-706	-0.33
2341	-707	-0.25
2344	-708	-0.33
2348	-709	-0.25
2351	-710	-0.33
2354	-711	-0.33
2357	-712	-0.33
2361	-713	-0.25
2364	-714	-0.33
2367	-715	-0.33
2370	-716	-0.33
2373	-717	-0.33
2376	-718	-0.33
2379	-719	-0.33
2382	-720	-0.33
2386	-721	-0.25
2390	-722	-0.25
2393	-723	-0.33
2396	-724	-0.33
2399	-725	-0.33
2402	-726	-0.33
2405	-727	-0.33
2409	-728	-0.25
2412	-729	-0.33
2415	-730	-0.33
2418	-731	-0.33
2421	-732	-0.33
2424	-733	-0.33
2427	-734	-0.33
2430	-735	-0.33
2435	-736	-0.20
2438	-737	-0.33
2441	-738	-0.33
2444	-739	-0.33
2447	-740	-0.33
2450	-741	-0.33
2453	-742	-0.33
2457	-743	-0.25
2460	-744	-0.33
2463	-745	-0.33
2466	-746	-0.33
2469	-747	-0.33
2472	-748	-0.33
2476	-749	-0.25
2480	-750	-0.25
2483	-751	-0.33
2486	-752	-0.33
2489	-753	-0.33
2492	-754	-0.33
2495	-755	-0.33
2498	-756	-0.33
2501	-757	-0.33
2505	-758	-0.25
2508	-759	-0.33
2511	-760	-0.33
2514	-761	-0.33
2518	-762	-0.25
2521	-763	-0.33
2524	-764	-0.33
2527	-765	-0.33
2531	-766	-0.25
2534	-767	-0.33
2537	-768	-0.33
2540	-769	-0.33
2543	-770	-0.33
2546	-771	-0.33
2550	-772	-0.25
2553	-773	-0.33
2556	-774	-0.33
2560	-775	-0.25
2563	-776	-0.33
2566	-777	-0.33
2569	-778	-0.33
2572	-779	-0.33
2575	-780	-0.33
2579	-781	-0.25
2582	-782	-0.33
2585	-783	-0.33
2588	-784	-0.33
2591	-785	-0.33
2594	-786	-0.33
2597	-787	-0.33
2601	-788	-0.25
2605	-789	-0.25
2608	-790	-0.33
2611	-791	-0.33
2614	-792	-0.33
2617	-793	-0.33
2620	-794	-0.33
2624	-795	-0.25
2627	-796	-0.33
2630	-797	-0.33
2633	-798	-0.33
2636	-799	-0.33
2639	-800	-0.33
2642	-801	-0.33
2646	-802	-0.25
2650	-803	-0.25
2653	-804	-0.33
2656	-805	-0.33
2659	-806	-0.33
2662	-807	-0.33
2665	-808	-0.33
2668	-809	-0.33
2672	-810	-0.25
2675	-811	-0.33
2678	-812	-0.33
2681	-813	-0.33
2684	-814	-0.33
2688	-815	-0.25
2691	-816	-0.33
2694	-817	-0.33
2698	-818	-0.25
2701	-819	-0.33
2704	-820	-0.33
2707	-821	-0.33
2710	-822	-0.33
2713	-823	-0.33
2716	-824	-0.33
2719	-825	-0.33
2723	-826	-0.25
2726	-827	-0.33
2729	-828	-0.33
2733	-829	-0.25
2736	-830	-0.33
2739	-831	-0.33
2743	-832	-0.25
2746	-833	-0.33
2749	-834	-0.33
2752	-835	-0.33
2755	-836	-0.33
2758	-837	-0.33
2761	-838	-0.33
2764	-839	-0.33
2768	-840	-0.25
2771	-841	-0.33
2775	-842	-0.25
2778	-843	-0.33
2781	-844	-0.33
2784	-845	-0.33
2787	-846	-0.33
2791	-847	-0.25
2794	-848	-0.33
2797	-849	-0.33
2800	-850	-0.33
2803	-851	-0.33
2806	-852	-0.33
2809	-853	-0.33
2812	-854	-0.33
2817	-855	-0.20
2820	-856	-0.33
2823	-857	-0.33
2826	-858	-0.33
2829	-859	-0.33
2832	-860	-0.33
2835	-861	-0.33
2838	-862	-0.33
2842	-863	-0.25
2845	-864	-0.33
2848	-865	-0.33
2851	-866	-0.33
2854	-867	-0.33
2857	-868	-0.33
2862	-869	-0.20
2865	-870	-0.33
2868	-871	-0.33
2871	-872	-0.33
2874	-873	-0.33
2877	-874	-0.33
2880	-875	-0.33
2883	-876	-0.33
2887	-877	-0.25
2890	-878	-0.33
2893	-879	-0.33
2896	-880	-0.33
2899	-881	-0.33
2903	-882	-0.25
2906	-883	-0.33
2910	-884	-0.25
2913	-885	-0.33
2916	-886	-0.33
2919	-887	-0.33
2922	-888	-0.33
2925	-889	-0.33
2928	-890	-0.33
2931	-891	-0.33
2935	-892	-0.25
2938	-893	-0.33
2941	-894	-0.33
2945	-895	-0.25
2948	-896	-0.33
2951	-897	-0.33
2954	-898	-0.33
2957	-899	-0.33
2961	-900	-0.25
2964	-901	-0.33
2967	-902	-0.33
2970	-903	-0.33
2973	-904	-0.33
2976	-905	-0.33
2980	-906	-0.25
2983	-907	-0.33
2987	-908	-0.25
2990	-909	-0.33
2993	-910	-0.33
2996	-911	-0.33
2999	-912	-0.33
3002	-913	-0.33
3006	-914	-0.25
3009	-915	-0.33
3012	-916	-0.33
3015	-917	-0.33
3018	-918	-0.33
3021	-919	-0.33
3024	-920	-0.33
3027	-921	-0.33
3031	-922	-0.25
3034	-923	-0.33
3037	-924	-0.33
3040	-925	-0.33
3043	-926	-0.33
3046	-927	-0.33
3049	-928	-0.33
3052	-929	-0.33
3055	-930	-0.33
3058	-931	-0.33
3061	-932	-0.33
3064	-933	-0.33
3067	-934	-0.33
3070	-935	-0.33
3074	-936	-0.25
3077	-937	-0.33
3080	-938	-0.33
3083	-939	-0.33
3086	-940	-0.33
3089	-941	-0.33
3092	-942	-0.33
3095	-943	-0.33
3097	-944	-0.50
3100	-945	-0.33
3103	-946	-0.33
3106	-947	-0.33
3109	-948	-0.33
3112	-949	-0.33
3116	-950	-0.25
3119	-951	-0.33
3122	-952	-0.33
3125	-953	-0.33
3128	-954	-0.33
3130	-955	-0.50
3133	-956	-0.33
3136	-957	-0.33
3139	-958	-0.33
3142	-959	-0.33
3145	-960	-0.33
3148	-961	-0.33
3151	-962	-0.33
3153	-963	-0.50
3156	-964	-0.33
3160	-965	-0.25
3163	-966	-0.33
3166	-967	-0.33
3169	-968	-0.33
3172	-969	-0.33
3175	-970	-0.33
3177	-971	-0.50
3180	-972	-0.33
3183	-973	-0.33
3186	-974	-0.33
3189	-975	-0.33
3192	-976	-0.33
3195	-977	-0.33
3198	-978	-0.33
3201	-979	-0.33
3204	-980	-0.33
3207	-981	-0.33
3210	-982	-0.33
3213	-983	-0.33
3216	-984	-0.33
3219	-985	-0.33
3221	-986	-0.50
3224	-987	-0.33
3227	-988	-0.33
3230	-989	-0.33
3233	-990	-0.33
3236	-991	-0.33
3239	-992	-0.33
3241	-993	-0.50
3245	-994	-0.25
3248	-995	-0.33
3251	-996	-0.33
3254	-997	-0.33
3257	-998	-0.33
3260	-999	-0.33
3262	-1000	-0.50
3265	-1001	-0.33
3268	-1002	-0.33
3271	-1003	-0.33
3274	-1004	-0.33
3277	-1005	-0.33
3279	-1006	-0.50
3282	-1007	-0.33
3286	-1008	-0.25
3289	-1009	-0.33
3292	-1010	-0.33
3295	-1011	-0.33
3298	-1012	-0.33
3301	-1013	-0.33
3303	-1014	-0.50
3306	-1015	-0.33
3309	-1016	-0.33
3312	-1017	-0.33
3315	-1018	-0.33
3317	-1019	-0.50
3320	-1020	-0.33
3323	-1021	-0.33
3326	-1022	-0.33
3330	-1023	-0.25
3333	-1024	-0.33
3336	-1025	-0.33
3339	-1026	-0.33
3341	-1027	-0.50
3344	-1028	-0.33
3347	-1029	-0.33
3350	-1030	-0.33
3353	-1031	-0.33
3356	-1032	-0.33
3358	-1033	-0.50
3361	-1034	-0.33
3364	-1035	-0.33
3367	-1036	-0.33
3371	-1037	-0.25
3374	-1038	-0.33
3377	-1039	-0.33
3379	-1040	-0.50
3382	-1041	-0.33
3385	-1042	-0.33
3388	-1043	-0.33
3391	-1044	-0.33
3394	-1045	-0.33
3396	-1046	-0.50
3399	-1047	-0.33
3402	-1048	-0.33
3405	-1049	-0.33
3408	-1050	-0.33
3411	-1051	-0.33
3415	-1052	-0.25
3417	-1053	-0.50
3420	-1054	-0.33
3423	-1055	-0.33
3426	-1056	-0.33
3429	-1057	-0.33
3432	-1058	-0.33
3434	-1059	-0.50
3437	-1060	-0.33
3440	-1061	-0.33
3443	-1062	-0.33
3446	-1063	-0.33
3449	-1064	-0.33
3451	-1065	-0.50
3454	-1066	-0.33
3458	-1067	-0.25
3461	-1068	-0.33
3464	-1069	-0.33
3467	-1070	-0.33
3470	-1071	-0.33
3472	-1072	-0.50
3475	-1073	-0.33
3478	-1074	-0.33
3481	-1075	-0.33
3484	-1076	-0.33
3487	-1077	-0.33
3489	-1078	-0.50
3492	-1079	-0.33
3495	-1080	-0.33
3499	-1081	-0.25
3502	-1082	-0.33
3505	-1083	-0.33
3508	-1084	-0.33
3510	-1085	-0.50
3513	-1086	-0.33
3516	-1087	-0.33
3519	-1088	-0.33
3522	-1089	-0.33
3524	-1090	-0.50
3527	-1091	-0.33
3530	-1092	-0.33
3533	-1093	-0.33
3536	-1094	-0.33
3539	-1095	-0.33
3543	-1096	-0.25
3545	-1097	-0.50
3548	-1098	-0.33
3551	-1099	-0.33
3554	-1100	-0.33
3557	-1101	-0.33
3560	-1102	-0.33
3562	-1103	-0.50
3565	-1104	-0.33
3568	-1105	-0.33
3571	-1106	-0.33
3574	-1107	-0.33
3577	-1108	-0.33
3580	-1109	-0.33
3582	-1110	-0.50
3586	-1111	-0.25
3589	-1112	-0.33
3592	-1113	-0.33
3595	-1114	-0.33
3598	-1115	-0.33
3600	-1116	-0.50
3603	-1117	-0.33
3606	-1118	-0.33
3609	-1119	-0.33
3612	-1120	-0.33
3615	-1121	-0.33
3618	-1122	-0.33
3620	-1123	-0.50
3623	-1124	-0.33
3627	-1125	-0.25
3630	-1126	-0.33
3633	-1127	-0.33
3636	-1128	-0.33
3638	-1129	-0.50
3641	-1130	-0.33
3644	-1131	-0.33
3647	-1132	-0.33
3650	-1133	-0.33
3653	-1134	-0.33
3655	-1135	-0.50
3658	-1136	-0.33
3661	-1137	-0.33
3664	-1138	-0.33
3667	-1139	-0.33
3671	-1140	-0.25
3673	-1141	-0.50
3676	-1142	-0.33
3679	-1143	-0.33
3682	-1144	-0.33
3685	-1145	-0.33
3688	-1146	-0.33
3691	-1147	-0.33
3693	-1148	-0.50
3696	-1149	-0.33
3699	-1150	-0.33
3702	-1151	-0.33
3705	-1152	-0.33
3708	-1153	-0.33
3710	-1154	-0.50
3714	-1155	-0.25
3717	-1156	-0.33
3720	-1157	-0.33
3723	-1158	-0.33
3726	-1159	-0.33
3728	-1160	-0.50
3731	-1161	-0.33
3734	-1162	-0.33
3737	-1163	-0.33
3740	-1164	-0.33
3743	-1165	-0.33
3745	-1166	-0.50
3748	-1167	-0.33
3751	-1168	-0.33
3755	-1169	-0.25
3758	-1170	-0.33
3761	-1171	-0.33
3764	-1172	-0.33
3766	-1173	-0.50
3769	-1174	-0.33
3772	-1175	-0.33
3775	-1176	-0.33
3778	-1177	-0.33
3781	-1178	-0.33
3783	-1179	-0.50
3786	-1180	-0.33
3789	-1181	-0.33
3792	-1182	-0.33
3795	-1183	-0.33
3799	-1184	-0.25
3801	-1185	-0.50
3804	-1186	-0.33
3807	-1187	-0.33
3810	-1188	-0.33
3813	-1189	-0.33
3816	-1190	-0.33
3819	-1191	-0.33
3821	-1192	-0.50
3824	-1193	-0.33
3827	-1194	-0.33
3830	-1195	-0.33
3833	-1196	-0.33
3836	-1197	-0.33
3838	-1198	-0.50
3842	-1199	-0.25
3845	-1200	-0.33
3848	-1201	-0.33
3851	-1202	-0.33
3854	-1203	-0.33
3857	-1204	-0.33
3859	-1205	-0.50
3862	-1206	-0.33
3865	-1207	-0.33
3868	-1208	-0.33
3871	-1209	-0.33
3873	-1210	-0.50
3876	-1211	-0.33
3879	-1212	-0.33
3883	-1213	-0.25
3886	-1214	-0.33
3889	-1215	-0.33
3892	-1216	-0.33
3894	-1217	-0.50
3897	-1218	-0.33
3900	-1219	-0.33
3903	-1220	-0.33
3906	-1221	-0.33
3909	-1222	-0.33
3911	-1223	-0.50
3914	-1224	-0.33
3917	-1225	-0.33
3920	-1226	-0.33
3923	-1227	-0.33
3927	-1228	-0.25
3930	-1229	-0.33
3932	-1230	-0.50
3935	-1231	-0.33
3938	-1232	-0.33
3941	-1233	-0.33
3944	-1234	-0.33
3947	-1235	-0.33
3949	-1236	-0.50
3952	-1237	-0.33
3955	-1238	-0.33
3958	-1239	-0.33
3961	-1240	-0.33
3964	-1241	-0.33
3968	-1242	-0.25
3970	-1243	-0.50
3973	-1244	-0.33
3976	-1245	-0.33
3979	-1246	-0.33
3982	-1247	-0.33
3984	-1248	-0.50
3987	-1249	-0.33
3990	-1250	-0.33
3993	-1251	-0.33
3996	-1252	-0.33
3999	-1253	-0.33
4002	-1254	-0.33
4004	-1255	-0.50
4007	-1256	-0.33
4011	-1257	-0.25
4014	-1258	-0.33
4017	-1259	-0.33
4020	-1260	-0.33
4022	-1261	-0.50
4025	-1262	-0.33
4028	-1263	-0.33
4031	-1264	-0.33
4034	-1265	-0.33
4037	-1266	-0.33
4039	-1267	-0.50
4042	-1268	-0.33
4045	-1269	-0.33
4048	-1270	-0.33
4051	-1271	-0.33
4055	-1272	-0.25
4057	-1273	-0.50
4060	-1274	-0.33
4063	-1275	-0.33
4066	-1276	-0.33
4069	-1277	-0.33
4072	-1278	-0.33
4075	-1279	-0.33
4077	-1280	-0.50
4080	-1281	-0.33
4083	-1282	-0.33
4086	-1283	-0.33
4089	-1284	-0.33
4091	-1285	-0.50
4094	-1286	-0.33
4098	-1287	-0.25
4101	-1288	-0.33
4104	-1289	-0.33
4107	-1290	-0.33
4110	-1291	-0.33
4112	-1292	-0.50
4115	-1293	-0.33
4118	-1294	-0.33
4121	-1295	-0.33
4124	-1296	-0.33
4127	-1297	-0.33
4129	-1298	-0.50
4132	-1299	-0.33
4135	-1300	-0.33
4139	-1301	-0.25
4142	-1302	-0.33
4145	-1303	-0.33
4147	-1304	-0.50
4150	-1305	-0.33
4153	-1306	-0.33
4156	-1307	-0.33
4159	-1308	-0.33
4162	-1309	-0.33
4164	-1310	-0.50
4167	-1311	-0.33
4170	-1312	-0.33
4173	-1313	-0.33
4176	-1314	-0.33
4179	-1315	-0.33
4183	-1316	-0.25
4185	-1317	-0.50
4188	-1318	-0.33
4191	-1319	-0.33
4194	-1320	-0.33
4197	-1321	-0.33
4200	-1322	-0.33
4202	-1323	-0.50
4205	-1324	-0.33
4208	-1325	-0.33
4211	-1326	-0.33
4214	-1327	-0.33
4217	-1328	-0.33
4219	-1329	-0.50
4222	-1330	-0.33
4226	-1331	-0.25
4229	-1332	-0.33
4232	-1333	-0.33
4235	-1334	-0.33
4237	-1335	-0.50
4240	-1336	-0.33
4243	-1337	-0.33
4246	-1338	-0.33
4249	-1339	-0.33
4252	-1340	-0.33
4254	-1341	-0.50
4257	-1342	-0.33
4260	-1343	-0.33
4263	-1344	-0.33
4267	-1345	-0.25
4270	-1346	-0.33
4272	-1347	-0.50
4275	-1348	-0.33
4278	-1349	-0.33
4281	-1350	-0.33
4284	-1351	-0.33
4287	-1352	-0.33
4289	-1353	-0.50
4292	-1354	-0.33
4295	-1355	-0.33
4298	-1356	-0.33
4301	-1357	-0.33
4304	-1358	-0.33
4307	-1359	-0.33
4310	-1360	-0.33
4313	-1361	-0.33
4316	-1362	-0.33
4319	-1363	-0.33
4322	-1364	-0.33
4324	-1365	-0.50
4327	-1366	-0.33
4330	-1367	-0.33
4333	-1368	-0.33
4336	-1369	-0.33
4339	-1370	-0.33
4342	-1371	-0.33
4345	-1372	-0.33
4347	-1373	-0.50
4350	-1374	-0.33
4354	-1375	-0.25
4357	-1376	-0.33
4360	-1377	-0.33
4362	-1378	-0.50
4365	-1379	-0.33
4368	-1380	-0.33
4371	-1381	-0.33
4374	-1382	-0.33
4377	-1383	-0.33
4380	-1384	-0.33
4382	-1385	-0.50
4385	-1386	-0.33
4388	-1387	-0.33
4391	-1388	-0.33
4395	-1389	-0.25
4397	-1390	-0.50
4400	-1391	-0.33
4403	-1392	-0.33
4406	-1393	-0.33
4409	-1394	-0.33
4412	-1395	-0.33
4415	-1396	-0.33
4417	-1397	-0.50
4420	-1398	-0.33
4423	-1399	-0.33
4426	-1400	-0.33
4429	-1401	-0.33
4432	-1402	-0.33
4434	-1403	-0.50
4438	-1404	-0.25
4441	-1405	-0.33
4444	-1406	-0.33
4447	-1407	-0.33
4450	-1408	-0.33
4453	-1409	-0.33
4455	-1410	-0.50
4458	-1411	-0.33
4461	-1412	-0.33
4464	-1413	-0.33
4467	-1414	-0.33
4469	-1415	-0.50
4472	-1416	-0.33
4475	-1417	-0.33
4478	-1418	-0.33
4482	-1419	-0.25
4485	-1420	-0.33
4488	-1421	-0.33
4490	-1422	-0.50
4493	-1423	-0.33
4496	-1424	-0.33
4499	-1425	-0.33
4502	-1426	-0.33
4504	-1427	-0.50
4507	-1428	-0.33
4510	-1429	-0.33
4513	-1430	-0.33
4516	-1431	-0.33
4519	-1432	-0.33
4523	-1433	-0.25
4525	-1434	-0.50
4528	-1435	-0.33
4531	-1436	-0.33
4534	-1437	-0.33
4537	-1438	-0.33
4540	-1439	-0.33
4542	-1440	-0.50
4545	-1441	-0.33
4548	-1442	-0.33
4551	-1443	-0.33
4554	-1444	-0.33
4557	-1445	-0.33
4560	-1446	-0.33
4562	-1447	-0.50
4566	-1448	-0.25
4569	-1449	-0.33
4572	-1450	-0.33
4575	-1451	-0.33
4577	-1452	-0.50
4580	-1453	-0.33
4583	-1454	-0.33
4586	-1455	-0.33
4589	-1456	-0.33
4592	-1457	-0.33
4595	-1458	-0.33
4597	-1459	-0.50
4600	-1460	-0.33
4603	-1461	-0.33
4606	-1462	-0.33
4610	-1463	-0.25
4613	-1464	-0.33
4615	-1465	-0.50
4618	-1466	-0.33
4621	-1467	-0.33
4624	-1468	-0.33
4627	-1469	-0.33
4630	-1470	-0.33
4632	-1471	-0.50
4635	-1472	-0.33
4638	-1473	-0.33
4641	-1474	-0.33
4644	-1475	-0.33
4647	-1476	-0.33
4649	-1477	-0.50
4653	-1478	-0.25
4656	-1479	-0.33
4659	-1480	-0.33
4662	-1481	-0.33
4665	-1482	-0.33
4667	-1483	-0.50
4670	-1484	-0.33
4673	-1485	-0.33
4676	-1486	-0.33
4679	-1487	-0.33
4682	-1488	-0.33
4684	-1489	-0.50
4687	-1490	-0.33
4690	-1491	-0.33
4694	-1492	-0.25
4697	-1493	-0.33
4700	-1494	-0.33
4702	-1495	-0.50
4705	-1496	-0.33
4708	-1497	-0.33
4711	-1498	-0.33
4714	-1499	-0.33
4717	-1500	-0.33
4719	-1501	-0.50
4722	-1502	-0.33
4725	-1503	-0.33
4728	-1504	-0.33
4731	-1505	-0.33
4734	-1506	-0.33
4737	-1507	-0.33
4740	-1508	-0.33
4743	-1509	-0.33
4746	-1510	-0.33
4749	-1511	-0.33
4752	-1512	-0.33
4754	-1513	-0.50
4757	-1514	-0.33
4760	-1515	-0.33
4763	-1516	-0.33
4766	-1517	-0.33
4769	-1518	-0.33
4771	-1519	-0.50
4774	-1520	-0.33
4777	-1521	-0.33
4781	-1522	-0.25
4784	-1523	-0.33
4787	-1524	-0.33
4789	-1525	-0.50
4792	-1526	-0.33
4795	-1527	-0.33
4798	-1528	-0.33
4801	-1529	-0.33
4804	-1530	-0.33
4807	-1531	-0.33
4809	-1532	-0.50
4812	-1533	-0.33
4815	-1534	-0.33
4818	-1535	-0.33
4822	-1536	-0.25
4824	-1537	-0.50
4827	-1538	-0.33
4830	-1539	-0.33
4833	-1540	-0.33
4836	-1541	-0.33
4839	-1542	-0.33
4842	-1543	-0.33
4844	-1544	-0.50
4847	-1545	-0.33
4850	-1546	-0.33
4853	-1547	-0.33
4856	-1548	-0.33
4859	-1549	-0.33
4861	-1550	-0.50
4865	-1551	-0.25
4868	-1552	-0.33
4871	-1553	-0.33
4874	-1554	-0.33
4877	-1555	-0.33
4879	-1556	-0.50
4882	-1557	-0.33
4885	-1558	-0.33
4888	-1559	-0.33
4891	-1560	-0.33
4894	-1561	-0.33
4896	-1562	-0.50
4899	-1563	-0.33
4902	-1564	-0.33
4905	-1565	-0.33
4909	-1566	-0.25
4912	-1567	-0.33
4914	-1568	-0.50
4917	-1569	-0.33
4920	-1570	-0.33
4923	-1571	-0.33
4926	-1572	-0.33
4929	-1573	-0.33
4931	-1574	-0.50
4934	-1575	-0.33
4937	-1576	-0.33
4940	-1577	-0.33
4943	-1578	-0.33
4946	-1579	-0.33
4950	-1580	-0.25
4952	-1581	-0.50
4955	-1582	-0.33
4958	-1583	-0.33
4961	-1584	-0.33
4964	-1585	-0.33
4967	-1586	-0.33
4969	-1587	-0.50
4972	-1588	-0.33
4975	-1589	-0.33
4978	-1590	-0.33
4981	-1591	-0.33
4984	-1592	-0.33
4986	-1593	-0.50
4989	-1594	-0.33
4993	-1595	-0.25
4996	-1596	-0.33
4999	-1597	-0.33
5002	-1598	-0.33
5004	-1599	-0.50
5007	-1600	-0.33
5010	-1601	-0.33
5013	-1602	-0.33
5016	-1603	-0.33
5019	-1604	-0.33
5021	-1605	-0.50
5024	-1606	-0.33
5027	-1607	-0.33
5030	-1608	-0.33
5033	-1609	-0.33
5037	-1610	-0.25
5040	-1611	-0.33
5042	-1612	-0.50
5045	-1613	-0.33
5048	-1614	-0.33
5051	-1615	-0.33
5054	-1616	-0.33
5056	-1617	-0.50
5059	-1618	-0.33
5062	-1619	-0.33
5065	-1620	-0.33
5068	-1621	-0.33
5071	-1622	-0.33
5074	-1623	-0.33
5076	-1624	-0.50
5080	-1625	-0.25
5083	-1626	-0.33
5086	-1627	-0.33
5089	-1628	-0.33
5092	-1629	-0.33
5094	-1630	-0.50
5097	-1631	-0.33
5100	-1632	-0.33
5103	-1633	-0.33
5106	-1634	-0.33
5109	-1635	-0.33
5112	-1636	-0.33
5114	-1637	-0.50
5117	-1638	-0.33
5121	-1639	-0.25
5124	-1640	-0.33
5127	-1641	-0.33
5129	-1642	-0.50
5132	-1643	-0.33
5135	-1644	-0.33
5138	-1645	-0.33
5141	-1646	-0.33
5144	-1647	-0.33
5147	-1648	-0.33
5149	-1649	-0.50
5152	-1650	-0.33
5155	-1651	-0.33
5158	-1652	-0.33
5161	-1653	-0.33
5164	-1654	-0.33
5167	-1655	-0.33
5170	-1656	-0.33
5173	-1657	-0.33
5176	-1658	-0.33
5179	-1659	-0.33
5182	-1660	-0.33
5184	-1661	-0.50
5187	-1662	-0.33
5190	-1663	-0.33
5193	-1664	-0.33
5196	-1665	-0.33
5198	-1666	-0.50
5201	-1667	-0.33
5204	-1668	-0.33
5208	-1669	-0.25
5211	-1670	-0.33
5214	-1671	-0.33
5217	-1672	-0.33
5219	-1673	-0.50
5222	-1674	-0.33
5225	-1675	-0.33
5228	-1676	-0.33
5231	-1677	-0.33
5233	-1678	-0.50
5236	-1679	-0.33
5239	-1680	-0.33
5242	-1681	-0.33
5245	-1682	-0.33
5249	-1683	-0.25
5252	-1684	-0.33
5255	-1685	-0.33
5257	-1686	-0.50
5260	-1687	-0.33
5263	-1688	-0.33
5266	-1689	-0.33
5269	-1690	-0.33
5271	-1691	-0.50
5274	-1692	-0.33
5277	-1693	-0.33
5280	-1694	-0.33
5283	-1695	-0.33
5286	-1696	-0.33
5289	-1697	-0.33
5292	-1698	-0.33
5295	-1699	-0.33
5298	-1700	-0.33
5301	-1701	-0.33
5304	-1702	-0.33
5306	-1703	-0.50
5309	-1704	-0.33
5312	-1705	-0.33
5315	-1706	-0.33
5318	-1707	-0.33
5321	-1708	-0.33
5324	-1709	-0.33
5326	-1710	-0.50
5329	-1711	-0.33
5332	-1712	-0.33
5336	-1713	-0.25
5339	-1714	-0.33
5342	-1715	-0.33
5344	-1716	-0.50
5347	-1717	-0.33
5350	-1718	-0.33
5353	-1719	-0.33
5356	-1720	-0.33
5359	-1721	-0.33
5362	-1722	-0.33
5364	-1723	-0.50
5367	-1724	-0.33
5370	-1725	-0.33
5373	-1726	-0.33
5377	-1727	-0.25
5380	-1728	-0.33
5382	-1729	-0.50
5385	-1730	-0.33
5388	-1731	-0.33
5391	-1732	-0.33
5394	-1733	-0.33
5397	-1734	-0.33
5399	-1735	-0.50
5402	-1736	-0.33
5405	-1737	-0.33
5408	-1738	-0.33
5411	-1739	-0.33
5414	-1740	-0.33
5416	-1741	-0.50
5420	-1742	-0.25
5423	-1743	-0.33
5426	-1744	-0.33
5429	-1745	-0.33
5432	-1746	-0.33
5434	-1747	-0.50
5437	-1748	-0.33
5440	-1749	-0.33
5443	-1750	-0.33
5446	-1751	-0.33
5449	-1752	-0.33
5451	-1753	-0.50
5454	-1754	-0.33
5457	-1755	-0.33
5460	-1756	-0.33
5464	-1757	-0.25
5467	-1758	-0.33
5470	-1759	-0.33
5472	-1760	-0.50
5475	-1761	-0.33
5478	-1762	-0.33
5481	-1763	-0.33
5484	-1764	-0.33
5487	-1765	-0.33
5489	-1766	-0.50
5492	-1767	-0.33
5495	-1768	-0.33
5498	-1769	-0.33
5501	-1770	-0.33
5505	-1771	-0.25
5507	-1772	-0.50
5510	-1773	-0.33
5513	-1774	-0.33
5516	-1775	-0.33
5519	-1776	-0.33
5522	-1777	-0.33
5524	-1778	-0.50
5527	-1779	-0.33
5530	-1780	-0.33
5533	-1781	-0.33
5536	-1782	-0.33
5539	-1783	-0.33
5542	-1784	-0.33
5544	-1785	-0.50
5548	-1786	-0.25
5551	-1787	-0.33
5554	-1788	-0.33
5557	-1789	-0.33
5560	-1790	-0.33
5562	-1791	-0.50
5565	-1792	-0.33
5568	-1793	-0.33
5571	-1794	-0.33
5574	-1795	-0.33
5577	-1796	-0.33
5579	-1797	-0.50
5582	-1798	-0.33
5585	-1799	-0.33
5588	-1800	-0.33
5592	-1801	-0.25
5595	-1802	-0.33
5597	-1803	-0.50
5600	-1804	-0.33
5603	-1805	-0.33
5606	-1806	-0.33
5609	-1807	-0.33
5612	-1808	-0.33
5614	-1809	-0.50
5617	-1810	-0.33
5620	-1811	-0.33
5623	-1812	-0.33
5626	-1813	-0.33
5629	-1814	-0.33
5632	-1815	-0.33
5635	-1816	-0.33
5638	-1817	-0.33
5641	-1818	-0.33
5644	-1819	-0.33
5647	-1820	-0.33
5649	-1821	-0.50
5652	-1822	-0.33
5655	-1823	-0.33
5658	-1824	-0.33
5661	-1825	-0.33
5664	-1826	-0.33
5666	-1827	-0.50
5669	-1828	-0.33
5672	-1829	-0.33
5676	-1830	-0.25
5679	-1831	-0.33
5682	-1832	-0.33
5684	-1833	-0.50
5687	-1834	-0.33
5690	-1835	-0.33
5693	-1836	-0.33
5696	-1837	-0.33
5699	-1838	-0.33
5701	-1839	-0.50
5704	-1840	-0.33
5707	-1841	-0.33
5710	-1842	-0.33
5713	-1843	-0.33
5716	-1844	-0.33
5719	-1845	-0.33
5722	-1846	-0.33
5725	-1847	-0.33
5728	-1848	-0.33
5731	-1849	-0.33
5734	-1850	-0.33
5736	-1851	-0.50
5739	-1852	-0.33
5742	-1853	-0.33
5745	-1854	-0.33
5748	-1855	-0.33
5751	-1856	-0.33
5753	-1857	-0.50
5756	-1858	-0.33
5760	-1859	-0.25
5763	-1860	-0.33
5766	-1861	-0.33
5769	-1862	-0.33
5771	-1863	-0.50
5774	-1864	-0.33
5777	-1865	-0.33
5780	-1866	-0.33
5783	-1867	-0.33
5786	-1868	-0.33
5788	-1869	-0.50
5791	-1870	-0.33
5794	-1871	-0.33
5797	-1872	-0.33
5800	-1873	-0.33
5803	-1874	-0.33
5806	-1875	-0.33
5809	-1876	-0.33
5812	-1877	-0.33
5815	-1878	-0.33
5818	-1879	-0.33
5820	-1880	-0.50
5823	-1881	-0.33
5826	-1882	-0.33
5829	-1883	-0.33
5832	-1884	-0.33
5835	-1885	-0.33
5837	-1886	-0.50
5840	-1887	-0.33
5843	-1888	-0.33
5847	-1889	-0.25
5850	-1890	-0.33
5853	-1891	-0.33
5855	-1892	-0.50
5858	-1893	-0.33
5861	-1894	-0.33
5864	-1895	-0.33
5867	-1896	-0.33
5869	-1897	-0.50
5872	-1898	-0.33
5875	-1899	-0.33
5878	-1900	-0.33
5881	-1901	-0.33
5884	-1902	-0.33
5886	-1903	-0.50
5890	-1904	-0.25
5893	-1905	-0.33
5896	-1906	-0.33
5899	-1907	-0.33
5902	-1908	-0.33
5904	-1909	-0.50
5907	-1910	-0.33
5910	-1911	-0.33
5913	-1912	-0.33
5916	-1913	-0.33
5919	-1914	-0.33
5921	-1915	-0.50
5924	-1916	-0.33
5927	-1917	-0.33
5931	-1918	-0.25
5934	-1919	-0.33
5937	-1920	-0.33
5939	-1921	-0.50
5942	-1922	-0.33
5945	-1923	-0.33
5948	-1924	-0.33
5951	-1925	-0.33
5954	-1926	-0.33
5956	-1927	-0.50
5959	-1928	-0.33
5962	-1929	-0.33
5965	-1930	-0.33
5968	-1931	-0.33
5971	-1932	-0.33
5974	-1933	-0.33
5977	-1934	-0.33
5980	-1935	-0.33
5983	-1936	-0.33
5986	-1937	-0.33
5989	-1938	-0.33
5992	-1939	-0.33
5994	-1940	-0.50
5997	-1941	-0.33
6000	-1942	-0.33
6003	-1943	-0.33
6006	-1944	-0.33
6009	-1945	-0.33
6011	-1946	-0.50
6014	-1947	-0.33
6018	-1948	-0.25
6021	-1949	-0.33
6024	-1950	-0.33
6027	-1951	-0.33
6029	-1952	-0.50
6032	-1953	-0.33
6035	-1954	-0.33
6038	-1955	-0.33
6041	-1956	-0.33
6044	-1957	-0.33
6046	-1958	-0.50
6049	-1959	-0.33
6052	-1960	-0.33
6055	-1961	-0.33
6059	-1962	-0.25
6062	-1963	-0.33
6064	-1964	-0.50
6067	-1965	-0.33
6070	-1966	-0.33
6073	-1967	-0.33
6076	-1968	-0.33
6079	-1969	-0.33
6081	-1970	-0.50
6084	-1971	-0.33
6087	-1972	-0.33
6090	-1973	-0.33
6093	-1974	-0.33
6096	-1975	-0.33
6098	-1976	-0.50
6102	-1977	-0.25
6105	-1978	-0.33
6108	-1979	-0.33
6111	-1980	-0.33
6114	-1981	-0.33
6116	-1982	-0.50
6119	-1983	-0.33
6122	-1984	-0.33
6125	-1985	-0.33
6128	-1986	-0.33
6131	-1987	-0.33
6133	-1988	-0.50
6136	-1989	-0.33
6139	-1990	-0.33
6142	-1991	-0.33
6146	-1992	-0.25
6149	-1993	-0.33
6151	-1994	-0.50
6154	-1995	-0.33
6157	-1996	-0.33
6160	-1997	-0.33
6163	-1998	-0.33
6166	-1999	-0.33
6168	-2000	-0.50
6171	-2001	-0.33
6174	-2002	-0.33
6177	-2003	-0.33
6180	-2004	-0.33
6183	-2005	-0.33
6185	-2006	-0.50
6189	-2007	-0.25
6192	-2008	-0.33
6195	-2009	-0.33
6198	-2010	-0.33
6201	-2011	-0.33
6203	-2012	-0.50
6206	-2013	-0.33
6209	-2014	-0.33
6212	-2015	-0.33
6215	-2016	-0.33
6218	-2017	-0.33
6220	-2018	-0.50
6223	-2019	-0.33
6226	-2020	-0.33
6230	-2021	-0.25
6233	-2022	-0.33
6236	-2023	-0.33
6238	-2024	-0.50
6241	-2025	-0.33
6244	-2026	-0.33
6247	-2027	-0.33
6250	-2028	-0.33
6253	-2029	-0.33
6255	-2030	-0.50
6258	-2031	-0.33
6261	-2032	-0.33
6264	-2033	-0.33
6267	-2034	-0.33
6270	-2035	-0.33
6273	-2036	-0.33
6276	-2037	-0.33
6279	-2038	-0.33
6282	-2039	-0.33
6285	-2040	-0.33
6287	-2041	-0.50
6290	-2042	-0.33
6293	-2043	-0.33
6296	-2044	-0.33
6299	-2045	-0.33
6302	-2046	-0.33
6305	-2047	-0.33
6307	-2048	-0.50
6310	-2049	-0.33
6313	-2050	-0.33
6317	-2051	-0.25
6320	-2052	-0.33
6322	-2053	-0.50
6325	-2054	-0.33
6328	-2055	-0.33
6331	-2056	-0.33
6334	-2057	-0.33
6337	-2058	-0.33
6339	-2059	-0.50
6342	-2060	-0.33
6345	-2061	-0.33
6348	-2062	-0.33
6351	-2063	-0.33
6354	-2064	-0.33
6356	-2065	-0.50
6360	-2066	-0.25
6363	-2067	-0.33
6366	-2068	-0.33
6369	-2069	-0.33
6372	-2070	-0.33
6374	-2071	-0.50
6377	-2072	-0.33
6380	-2073	-0.33
6383	-2074	-0.33
6386	-2075	-0.33
6389	-2076	-0.33
6391	-2077	-0.50
6394	-2078	-0.33
6397	-2079	-0.33
6401	-2080	-0.25
6404	-2081	-0.33
6407	-2082	-0.33
6409	-2083	-0.50
6412	-2084	-0.33
6415	-2085	-0.33
6418	-2086	-0.33
6421	-2087	-0.33
6424	-2088	-0.33
6426	-2089	-0.50
6429	-2090	-0.33
6432	-2091	-0.33
6435	-2092	-0.33
6438	-2093	-0.33
6441	-2094	-0.33
6444	-2095	-0.33
6447	-2096	-0.33
6450	-2097	-0.33
6453	-2098	-0.33
6456	-2099	-0.33
6459	-2100	-0.33
6461	-2101	-0.50
6464	-2102	-0.33
6467	-2103	-0.33
6470	-2104	-0.33
6473	-2105	-0.33
6476	-2106	-0.33
6478	-2107	-0.50
6481	-2108	-0.33
6484	-2109	-0.33
6488	-2110	-0.25
6491	-2111	-0.33
6494	-2112	-0.33
6496	-2113	-0.50
6499	-2114	-0.33
6502	-2115	-0.33
6505	-2116	-0.33
6508	-2117	-0.33
6511	-2118	-0.33
6514	-2119	-0.33
6516	-2120	-0.50
6519	-2121	-0.33
6522	-2122	-0.33
6525	-2123	-0.33
6529	-2124	-0.25
6532	-2125	-0.33
6534	-2126	-0.50
6537	-2127	-0.33
6540	-2128	-0.33
6543	-2129	-0.33
6546	-2130	-0.33
6549	-2131	-0.33
6551	-2132	-0.50
6554	-2133	-0.33
6557	-2134	-0.33
6560	-2135	-0.33
6563	-2136	-0.33
6566	-2137	-0.33
6568	-2138	-0.50
6572	-2139	-0.25
6575	-2140	-0.33
6578	-2141	-0.33
6581	-2142	-0.33
6584	-2143	-0.33
6586	-2144	-0.50
6589	-2145	-0.33
6592	-2146	-0.33
6595	-2147	-0.33
6598	-2148	-0.33
6601	-2149	-0.33
6603	-2150	-0.50
6606	-2151	-0.33
6609	-2152	-0.33
6612	-2153	-0.33
6616	-2154	-0.25
6619	-2155	-0.33
6622	-2156	-0.33
6624	-2157	-0.50
6627	-2158	-0.33
6630	-2159	-0.33
6633	-2160	-0.33
6636	-2161	-0.33
6638	-2162	-0.50
6641	-2163	-0.33
6644	-2164	-0.33
6647	-2165	-0.33
6650	-2166	-0.33
6653	-2167	-0.33
6657	-2168	-0.25
6659	-2169	-0.50
6662	-2170	-0.33
6665	-2171	-0.33
6668	-2172	-0.33
6671	-2173	-0.33
6673	-2174	-0.50
6676	-2175	-0.33
6679	-2176	-0.33
6682	-2177	-0.33
6685	-2178	-0.33
6688	-2179	-0.33
6691	-2180	-0.33
6693	-2181	-0.50
6696	-2182	-0.33
6700	-2183	-0.25
6703	-2184	-0.33
6706	-2185	-0.33
6708	-2186	-0.50
6711	-2187	-0.33
6714	-2188	-0.33
6717	-2189	-0.33
6720	-2190	-0.33
6723	-2191	-0.33
6725	-2192	-0.50
6728	-2193	-0.33
6731	-2194	-0.33
6734	-2195	-0.33
6737	-2196	-0.33
6740	-2197	-0.33
6743	-2198	-0.33
6746	-2199	-0.33
6749	-2200	-0.33
6752	-2201	-0.33
6755	-2202	-0.33
6758	-2203	-0.33
6760	-2204	-0.50
6763	-2205	-0.33
6766	-2206	-0.33
6769	-2207	-0.33
6772	-2208	-0.33
6775	-2209	-0.33
6777	-2210	-0.50
6780	-2211	-0.33
6784	-2212	-0.25
6787	-2213	-0.33
6790	-2214	-0.33
6793	-2215	-0.33
6795	-2216	-0.50
6798	-2217	-0.33
6801	-2218	-0.33
6804	-2219	-0.33
6807	-2220	-0.33
6810	-2221	-0.33
6812	-2222	-0.50
6815	-2223	-0.33
6818	-2224	-0.33
6821	-2225	-0.33
6824	-2226	-0.33
6828	-2227	-0.25
6830	-2228	-0.50
6833	-2229	-0.33
6836	-2230	-0.33
6839	-2231	-0.33
6842	-2232	-0.33
6844	-2233	-0.50
6847	-2234	-0.33
6850	-2235	-0.33
6853	-2236	-0.33
6856	-2237	-0.33
6859	-2238	-0.33
6862	-2239	-0.33
6864	-2240	-0.50
6867	-2241	-0.33
6871	-2242	-0.25
6874	-2243	-0.33
6877	-2244	-0.33
6880	-2245	-0.33
6882	-2246	-0.50
6885	-2247	-0.33
6888	-2248	-0.33
6891	-2249	-0.33
6894	-2250	-0.33
6897	-2251	-0.33
6899	-2252	-0.50
6902	-2253	-0.33
6905	-2254	-0.33
6908	-2255	-0.33
6912	-2256	-0.25
6915	-2257	-0.33
6917	-2258	-0.50
6920	-2259	-0.33
6923	-2260	-0.33
6926	-2261	-0.33
6929	-2262	-0.33
6932	-2263	-0.33
6934	-2264	-0.50
6937	-2265	-0.33
6940	-2266	-0.33
6943	-2267	-0.33
6946	-2268	-0.33
6949	-2269	-0.33
6951	-2270	-0.50
6955	-2271	-0.25
6958	-2272	-0.33
6961	-2273	-0.33
6964	-2274	-0.33
6967	-2275	-0.33
6969	-2276	-0.50
6972	-2277	-0.33
6975	-2278	-0.33
6978	-2279	-0.33
6981	-2280	-0.33
6984	-2281	-0.33
6986	-2282	-0.50
6989	-2283	-0.33
6992	-2284	-0.33
6995	-2285	-0.33
6999	-2286	-0.25
7002	-2287	-0.33
7004	-2288	-0.50
7007	-2289	-0.33
7010	-2290	-0.33
7013	-2291	-0.33
7016	-2292	-0.33
7019	-2293	-0.33
7021	-2294	-0.50
7024	-2295	-0.33
7027	-2296	-0.33
7030	-2297	-0.33
7033	-2298	-0.33
7036	-2299	-0.33
7038	-2300	-0.50
7042	-2301	-0.25
7045	-2302	-0.33
7048	-2303	-0.33
7051	-2304	-0.33
7054	-2305	-0.33
7056	-2306	-0.50
7059	-2307	-0.33
7062	-2308	-0.33
7065	-2309	-0.33
7068	-2310	-0.33
7071	-2311	-0.33
7073	-2312	-0.50
7076	-2313	-0.33
7079	-2314	-0.33
7083	-2315	-0.25
7086	-2316	-0.33
7089	-2317	-0.33
7091	-2318	-0.50
7094	-2319	-0.33
7097	-2320	-0.33
7100	-2321	-0.33
7103	-2322	-0.33
7106	-2323	-0.33
7108	-2324	-0.50
7111	-2325	-0.33
7114	-2326	-0.33
7117	-2327	-0.33
7120	-2328	-0.33
7123	-2329	-0.33
7126	-2330	-0.33
7129	-2331	-0.33
7132	-2332	-0.33
7135	-2333	-0.33
7138	-2334	-0.33
7141	-2335	-0.33
7143	-2336	-0.50
7146	-2337	-0.33
7149	-2338	-0.33
7152	-2339	-0.33
7155	-2340	-0.33
7158	-2341	-0.33
7160	-2342	-0.50
7163	-2343	-0.33
7166	-2344	-0.33
7170	-2345	-0.25
7173	-2346	-0.33
7176	-2347	-0.33
7178	-2348	-0.50
7181	-2349	-0.33
7184	-2350	-0.33
7187	-2351	-0.33
7190	-2352	-0.33
7192	-2353	-0.50
7195	-2354	-0.33
7198	-2355	-0.33
7201	-2356	-0.33
7204	-2357	-0.33
7207	-2358	-0.33
7209	-2359	-0.50
7213	-2360	-0.25
7216	-2361	-0.33
7219	-2362	-0.33
7222	-2363	-0.33
7225	-2364	-0.33
7227	-2365	-0.50
7230	-2366	-0.33
7233	-2367	-0.33
7236	-2368	-0.33
7239	-2369	-0.33
7242	-2370	-0.33
7244	-2371	-0.50
7247	-2372	-0.33
7250	-2373	-0.33
7254	-2374	-0.25
7257	-2375	-0.33
7259	-2376	-0.50
7262	-2377	-0.33
7265	-2378	-0.33
7268	-2379	-0.33
7271	-2380	-0.33
7274	-2381	-0.33
7277	-2382	-0.33
7279	-2383	-0.50
7282	-2384	-0.33
7285	-2385	-0.33
7288	-2386	-0.33
7291	-2387	-0.33
7293	-2388	-0.50
7297	-2389	-0.25
7300	-2390	-0.33
7303	-2391	-0.33
7306	-2392	-0.33
7309	-2393	-0.33
7311	-2394	-0.50
7314	-2395	-0.33
7317	-2396	-0.33
7320	-2397	-0.33
7323	-2398	-0.33
7325	-2399	-0.50
7328	-2400	-0.33
7331	-2401	-0.33
7334	-2402	-0.33
7337	-2403	-0.33
7341	-2404	-0.25
7343	-2405	-0.50
7346	-2406	-0.33
7349	-2407	-0.33
7352	-2408	-0.33
7355	-2409	-0.33
7357	-2410	-0.50
7360	-2411	-0.33
7363	-2412	-0.33
7366	-2413	-0.33
7369	-2414	-0.33
7372	-2415	-0.33
7375	-2416	-0.33
7377	-2417	-0.50
7380	-2418	-0.33
7384	-2419	-0.25
7387	-2420	-0.33
7390	-2421	-0.33
7392	-2422	-0.50
7395	-2423	-0.33
7398	-2424	-0.33
7401	-2425	-0.33
7404	-2426	-0.33
7407	-2427	-0.33
7409	-2428	-0.50
7412	-2429	-0.33
7415	-2430	-0.33
7418	-2431	-0.33
7421	-2432	-0.33
7424	-2433	-0.33
7427	-2434	-0.33
7430	-2435	-0.33
7433	-2436	-0.33
7436	-2437	-0.33
7439	-2438	-0.33
7441	-2439	-0.50
7444	-2440	-0.33
7447	-2441	-0.33
7450	-2442	-0.33
7453	-2443	-0.33
7456	-2444	-0.33
7458	-2445	-0.50
7461	-2446	-0.33
7464	-2447	-0.33
7468	-2448	-0.25
7471	-2449	-0.33
7474	-2450	-0.33
7476	-2451	-0.50
7479	-2452	-0.33
7482	-2453	-0.33
7485	-2454	-0.33
7488	-2455	-0.33
7491	-2456	-0.33
7493	-2457	-0.50
7496	-2458	-0.33
7499	-2459	-0.33
7502	-2460	-0.33
7505	-2461	-0.33
7507	-2462	-0.50
7511	-2463	-0.25
7514	-2464	-0.33
7517	-2465	-0.33
7520	-2466	-0.33
7523	-2467	-0.33
7526	-2468	-0.33
7528	-2469	-0.50
7531	-2470	-0.33
7534	-2471	-0.33
7537	-2472	-0.33
7540	-2473	-0.33
7542	-2474	-0.50
7545	-2475	-0.33
7548	-2476	-0.33
7552	-2477	-0.25
7555	-2478	-0.33
7558	-2479	-0.33
7560	-2480	-0.50
7563	-2481	-0.33
7566	-2482	-0.33
7569	-2483	-0.33
7572	-2484	-0.33
7575	-2485	-0.33
7577	-2486	-0.50
7580	-2487	-0.33
7583	-2488	-0.33
7586	-2489	-0.33
7589	-2490	-0.33
7592	-2491	-0.33
7595	-2492	-0.33
7598	-2493	-0.33
7601	-2494	-0.33
7604	-2495	-0.33
7607	-2496	-0.33
7610	-2497	-0.33
7612	-2498	-0.50
7615	-2499	-0.33
7618	-2500	-0.33
7621	-2501	-0.33
7624	-2502	-0.33
7627	-2503	-0.33
7629	-2504	-0.50
7632	-2505	-0.33
7635	-2506	-0.33
7639	-2507	-0.25
7642	-2508	-0.33
7645	-2509	-0.33
7647	-2510	-0.50
7650	-2511	-0.33
7653	-2512	-0.33
7656	-2513	-0.33
7659	-2514	-0.33
7662	-2515	-0.33
7664	-2516	-0.50
7667	-2517	-0.33
7670	-2518	-0.33
7673	-2519	-0.33
7676	-2520	-0.33
7678	-2521	-0.50
7682	-2522	-0.25
7685	-2523	-0.33
7688	-2524	-0.33
7691	-2525	-0.33
7694	-2526	-0.33
7696	-2527	-0.50
7699	-2528	-0.33
7702	-2529	-0.33
7705	-2530	-0.33
7708	-2531	-0.33
7711	-2532	-0.33
7713	-2533	-0.50
7716	-2534	-0.33
7719	-2535	-0.33
7723	-2536	-0.25
7726	-2537	-0.33
7729	-2538	-0.33
7731	-2539	-0.50
7734	-2540	-0.33
7737	-2541	-0.33
7740	-2542	-0.33
7743	-2543	-0.33
7745	-2544	-0.50
7748	-2545	-0.33
7751	-2546	-0.33
7754	-2547	-0.33
7757	-2548	-0.33
7760	-2549	-0.33
7762	-2550	-0.50
7766	-2551	-0.25
7769	-2552	-0.33
7772	-2553	-0.33
7775	-2554	-0.33
7777	-2555	-0.50
7780	-2556	-0.33
7783	-2557	-0.33
7786	-2558	-0.33
7789	-2559	-0.33
7792	-2560	-0.33
7795	-2561	-0.33
7797	-2562	-0.50
7800	-2563	-0.33
7803	-2564	-0.33
7806	-2565	-0.33
7809	-2566	-0.33
7812	-2567	-0.33
7815	-2568	-0.33
7818	-2569	-0.33
7821	-2570	-0.33
7824	-2571	-0.33
7827	-2572	-0.33
7829	-2573	-0.50
7832	-2574	-0.33
7835	-2575	-0.33
7838	-2576	-0.33
7841	-2577	-0.33
7843	-2578	-0.50
7846	-2579	-0.33
7849	-2580	-0.33
7853	-2581	-0.25
7856	-2582	-0.33
7859	-2583	-0.33
7861	-2584	-0.50
7864	-2585	-0.33
7867	-2586	-0.33
7870	-2587	-0.33
7873	-2588	-0.33
7875	-2589	-0.50
7878	-2590	-0.33
7881	-2591	-0.33
7884	-2592	-0.33
7887	-2593	-0.33
7890	-2594	-0.33
7892	-2595	-0.50
7896	-2596	-0.25
7899	-2597	-0.33
7902	-2598	-0.33
7905	-2599	-0.33
7907	-2600	-0.50
7910	-2601	-0.33
7913	-2602	-0.33
7916	-2603	-0.33
7919	-2604	-0.33
7922	-2605	-0.33
7924	-2606	-0.50
7927	-2607	-0.33
7930	-2608	-0.33
7933	-2609	-0.33
7937	-2610	-0.25
7940	-2611	-0.33
7942	-2612	-0.50
7945	-2613	-0.33
7948	-2614	-0.33
7951	-2615	-0.33
7954	-2616	-0.33
7956	-2617	-0.50
7959	-2618	-0.33
7962	-2619	-0.33
7965	-2620	-0.33
7968	-2621	-0.33
7971	-2622	-0.33
7973	-2623	-0.50
7976	-2624	-0.33
7980	-2625	-0.25
7983	-2626	-0.33
7986	-2627	-0.33
7988	-2628	-0.50
7991	-2629	-0.33
7994	-2630	-0.33
7997	-2631	-0.33
8000	-2632	-0.33
8003	-2633	-0.33
8005	-2634	-0.50
8008	-2635	-0.33
8011	-2636	-0.33
8014	-2637	-0.33
8017	-2638	-0.33
8020	-2639	-0.33
8023	-2640	-0.33
8026	-2641	-0.33
8029	-2642	-0.33
8032	-2643	-0.33
8035	-2644	-0.33
8038	-2645	-0.33
8040	-2646	-0.50
8043	-2647	-0.33
8046	-2648	-0.33
8049	-2649	-0.33
8052	-2650	-0.33
8054	-2651	-0.50
8057	-2652	-0.33
8060	-2653	-0.33
8064	-2654	-0.25
8067	-2655	-0.33
8070	-2656	-0.33
8073	-2657	-0.33
8075	-2658	-0.50
8078	-2659	-0.33
8081	-2660	-0.33
8084	-2661	-0.33
8087	-2662	-0.33
8089	-2663	-0.50
8092	-2664	-0.33
8095	-2665	-0.33
8098	-2666	-0.33
8101	-2667	-0.33
8104	-2668	-0.33
8108	-2669	-0.25
8110	-2670	-0.50
8113	-2671	-0.33
8116	-2672	-0.33
8119	-2673	-0.33
8122	-2674	-0.33
8124	-2675	-0.50
8127	-2676	-0.33
8130	-2677	-0.33
8133	-2678	-0.33
8136	-2679	-0.33
8139	-2680	-0.33
8141	-2681	-0.50
8144	-2682	-0.33
8147	-2683	-0.33
8151	-2684	-0.25
8154	-2685	-0.33
8156	-2686	-0.50
8159	-2687	-0.33
8162	-2688	-0.33
8165	-2689	-0.33
8168	-2690	-0.33
8171	-2691	-0.33
8174	-2692	-0.33
8176	-2693	-0.50
8179	-2694	-0.33
8182	-2695	-0.33
8185	-2696	-0.33
8188	-2697	-0.33
8190	-2698	-0.50
8194	-2699	-0.25
8197	-2700	-0.33
8200	-2701	-0.33
8203	-2702	-0.33
8206	-2703	-0.33
8208	-2704	-0.50
8211	-2705	-0.33
8214	-2706	-0.33
8217	-2707	-0.33
8220	-2708	-0.33
8222	-2709	-0.50
8225	-2710	-0.33
8228	-2711	-0.33
8231	-2712	-0.33
8235	-2713	-0.25
8238	-2714	-0.33
8241	-2715	-0.33
8243	-2716	-0.50
8246	-2717	-0.33
8249	-2718	-0.33
8252	-2719	-0.33
8255	-2720	-0.33
8257	-2721	-0.50
8260	-2722	-0.33
8263	-2723	-0.33
8266	-2724	-0.33
8269	-2725	-0.33
8272	-2726	-0.33
8274	-2727	-0.50
8278	-2728	-0.25
8281	-2729	-0.33
8284	-2730	-0.33
8287	-2731	-0.33
8290	-2732	-0.33
8292	-2733	-0.50
8295	-2734	-0.33
8298	-2735	-0.33
8301	-2736	-0.33
8304	-2737	-0.33
8306	-2738	-0.50
8309	-2739	-0.33
8312	-2740	-0.33
8315	-2741	-0.33
8318	-2742	-0.33
8322	-2743	-0.25
8324	-2744	-0.50
8327	-2745	-0.33
8330	-2746	-0.33
8333	-2747	-0.33
8336	-2748	-0.33
8338	-2749	-0.50
8341	-2750	-0.33
8344	-2751	-0.33
8347	-2752	-0.33
8350	-2753	-0.33
8353	-2754	-0.33
8355	-2755	-0.50
8358	-2756	-0.33
8361	-2757	-0.33
8365	-2758	-0.25
8368	-2759	-0.33
8370	-2760	-0.50
8373	-2761	-0.33
8376	-2762	-0.33
8379	-2763	-0.33
8382	-2764	-0.33
8385	-2765	-0.33
8388	-2766	-0.33
8390	-2767	-0.50
8393	-2768	-0.33
8396	-2769	-0.33
8399	-2770	-0.33
8401	-2771	-0.50
8404	-2772	-0.33
8408	-2773	-0.25
8411	-2774	-0.33
8414	-2775	-0.33
8417	-2776	-0.33
8420	-2777	-0.33
8422	-2778	-0.50
8425	-2779	-0.33
8428	-2780	-0.33
8431	-2781	-0.33
8433	-2782	-0.50
8436	-2783	-0.33
8439	-2784	-0.33
8442	-2785	-0.33
8445	-2786	-0.33
8449	-2787	-0.25
8452	-2788	-0.33
8454	-2789	-0.50
8457	-2790	-0.33
8460	-2791	-0.33
8463	-2792	-0.33
8466	-2793	-0.33
8468	-2794	-0.50
8471	-2795	-0.33
8474	-2796	-0.33
8477	-2797	-0.33
8480	-2798	-0.33
8483	-2799	-0.33
8485	-2800	-0.50
8488	-2801	-0.33
8492	-2802	-0.25
8495	-2803	-0.33
8498	-2804	-0.33
8500	-2805	-0.50
8503	-2806	-0.33
8506	-2807	-0.33
8509	-2808	-0.33
8512	-2809	-0.33
8515	-2810	-0.33
8518	-2811	-0.33
8520	-2812	-0.50
8523	-2813	-0.33
8526	-2814	-0.33
8529	-2815	-0.33
8532	-2816	-0.33
8535	-2817	-0.33
8538	-2818	-0.33
8541	-2819	-0.33
8544	-2820	-0.33
8547	-2821	-0.33
8550	-2822	-0.33
8552	-2823	-0.50
8555	-2824	-0.33
8558	-2825	-0.33
8561	-2826	-0.33
8564	-2827	-0.33
8567	-2828	-0.33
8569	-2829	-0.50
8572	-2830	-0.33
8576	-2831	-0.25
8579	-2832	-0.33
8582	-2833	-0.33
8585	-2834	-0.33
8587	-2835	-0.50
8590	-2836	-0.33
8593	-2837	-0.33
8596	-2838	-0.33
8599	-2839	-0.33
8602	-2840	-0.33
8604	-2841	-0.50
8607	-2842	-0.33
8610	-2843	-0.33
8613	-2844	-0.33
8616	-2845	-0.33
8620	-2846	-0.25
8622	-2847	-0.50
8625	-2848	-0.33
8628	-2849	-0.33
8631	-2850	-0.33
8634	-2851	-0.33
8637	-2852	-0.33
8639	-2853	-0.50
8642	-2854	-0.33
8645	-2855	-0.33
8648	-2856	-0.33
8651	-2857	-0.33
8653	-2858	-0.50
8656	-2859	-0.33
8659	-2860	-0.33
8663	-2861	-0.25
8666	-2862	-0.33
8669	-2863	-0.33
8671	-2864	-0.50
8674	-2865	-0.33
8677	-2866	-0.33
8680	-2867	-0.33
8683	-2868	-0.33
8686	-2869	-0.33
8688	-2870	-0.50
8691	-2871	-0.33
8694	-2872	-0.33
8697	-2873	-0.33
8700	-2874	-0.33
8704	-2875	-0.25
8706	-2876	-0.50
8709	-2877	-0.33
8712	-2878	-0.33
8715	-2879	-0.33
8718	-2880	-0.33
8720	-2881	-0.50
8723	-2882	-0.33
8726	-2883	-0.33
8729	-2884	-0.33
8732	-2885	-0.33
8735	-2886	-0.33
8737	-2887	-0.50
8740	-2888	-0.33
8743	-2889	-0.33
8747	-2890	-0.25
8750	-2891	-0.33
8753	-2892	-0.33
8755	-2893	-0.50
8758	-2894	-0.33
8761	-2895	-0.33
8764	-2896	-0.33
8767	-2897	-0.33
8770	-2898	-0.33
8772	-2899	-0.50
8775	-2900	-0.33
8778	-2901	-0.33
8781	-2902	-0.33
8784	-2903	-0.33
8786	-2904	-0.50
8790	-2905	-0.25
8793	-2906	-0.33
8796	-2907	-0.33
8799	-2908	-0.33
8802	-2909	-0.33
8805	-2910	-0.33
8807	-2911	-0.50
8810	-2912	-0.33
8813	-2913	-0.33
8816	-2914	-0.33
8819	-2915	-0.33
8821	-2916	-0.50
8824	-2917	-0.33
8827	-2918	-0.33
8830	-2919	-0.33
8834	-2920	-0.25
8837	-2921	-0.33
8839	-2922	-0.50
8842	-2923	-0.33
8845	-2924	-0.33
8848	-2925	-0.33
8851	-2926	-0.33
8853	-2927	-0.50
8856	-2928	-0.33
8859	-2929	-0.33
8862	-2930	-0.33
8865	-2931	-0.33
8868	-2932	-0.33
8870	-2933	-0.50
8873	-2934	-0.33
8877	-2935	-0.25
8880	-2936	-0.33
8883	-2937	-0.33
8885	-2938	-0.50
8888	-2939	-0.33
8891	-2940	-0.33
8894	-2941	-0.33
8897	-2942	-0.33
8900	-2943	-0.33
8902	-2944	-0.50
8905	-2945	-0.33
8908	-2946	-0.33
8911	-2947	-0.33
8914	-2948	-0.33
8916	-2949	-0.50
8920	-2950	-0.25
8923	-2951	-0.33
8926	-2952	-0.33
8929	-2953	-0.33
8932	-2954	-0.33
8934	-2955	-0.50
8937	-2956	-0.33
8940	-2957	-0.33
8943	-2958	-0.33
8946	-2959	-0.33
8949	-2960	-0.33
8951	-2961	-0.50
8954	-2962	-0.33
8957	-2963	-0.33
8961	-2964	-0.25
8964	-2965	-0.33
8967	-2966	-0.33
8969	-2967	-0.50
8972	-2968	-0.33
8975	-2969	-0.33
8978	-2970	-0.33
8981	-2971	-0.33
8984	-2972	-0.33
8986	-2973	-0.50
8989	-2974	-0.33
8992	-2975	-0.33
8995	-2976	-0.33
8998	-2977	-0.33
9000	-2978	-0.50
9004	-2979	-0.25
9007	-2980	-0.33
9010	-2981	-0.33
9013	-2982	-0.33
9016	-2983	-0.33
9018	-2984	-0.50
9021	-2985	-0.33
9024	-2986	-0.33
9027	-2987	-0.33
9030	-2988	-0.33
9033	-2989	-0.33
9035	-2990	-0.50
9038	-2991	-0.33
9041	-2992	-0.33
9044	-2993	-0.33
9048	-2994	-0.25
9051	-2995	-0.33
9053	-2996	-0.50
9056	-2997	-0.33
9059	-2998	-0.33
9062	-2999	-0.33
9065	-3000	-0.33
9068	-3001	-0.33
9070	-3002	-0.50
9073	-3003	-0.33
9076	-3004	-0.33
9079	-3005	-0.33
9082	-3006	-0.33
9085	-3007	-0.33
9088	-3008	-0.33
9091	-3009	-0.33
9094	-3010	-0.33
9097	-3011	-0.33
9100	-3012	-0.33
9103	-3013	-0.33
9105	-3014	-0.50
9108	-3015	-0.33
9111	-3016	-0.33
9114	-3017	-0.33
9117	-3018	-0.33
9120	-3019	-0.33
9122	-3020	-0.50
9125	-3021	-0.33
9128	-3022	-0.33
9132	-3023	-0.25
9135	-3024	-0.33
9138	-3025	-0.33
9140	-3026	-0.50
9143	-3027	-0.33
9146	-3028	-0.33
9149	-3029	-0.33
9152	-3030	-0.33
9155	-3031	-0.33
9157	-3032	-0.50
9160	-3033	-0.33
9163	-3034	-0.33
9166	-3035	-0.33
9169	-3036	-0.33
9172	-3037	-0.33
9175	-3038	-0.33
9178	-3039	-0.33
9181	-3040	-0.33
9184	-3041	-0.33
9187	-3042	-0.33
9190	-3043	-0.33
9192	-3044	-0.50
9195	-3045	-0.33
9198	-3046	-0.33
9201	-3047	-0.33
9204	-3048	-0.33
9207	-3049	-0.33
9209	-3050	-0.50
9212	-3051	-0.33
9216	-3052	-0.25
9219	-3053	-0.33
9222	-3054	-0.33
9225	-3055	-0.33
9227	-3056	-0.50
9230	-3057	-0.33
9233	-3058	-0.33
9236	-3059	-0.33
9239	-3060	-0.33
9242	-3061	-0.33
9244	-3062	-0.50
9247	-3063	-0.33
9250	-3064	-0.33
9253	-3065	-0.33
9256	-3066	-0.33
9260	-3067	-0.25
9262	-3068	-0.50
9265	-3069	-0.33
9268	-3070	-0.33
9271	-3071	-0.33
9274	-3072	-0.33
9277	-3073	-0.33
9279	-3074	-0.50
9282	-3075	-0.33
9285	-3076	-0.33
9288	-3077	-0.33
9291	-3078	-0.33
9294	-3079	-0.33
9296	-3080	-0.50
9299	-3081	-0.33
9303	-3082	-0.25
9306	-3083	-0.33
9309	-3084	-0.33
9311	-3085	-0.50
9314	-3086	-0.33
9317	-3087	-0.33
9320	-3088	-0.33
9323	-3089	-0.33
9326	-3090	-0.33
9328	-3091	-0.50
9331	-3092	-0.33
9334	-3093	-0.33
9337	-3094	-0.33
9340	-3095	-0.33
9344	-3096	-0.25
9346	-3097	-0.50
9349	-3098	-0.33
9352	-3099	-0.33
9355	-3100	-0.33
9358	-3101	-0.33
9361	-3102	-0.33
9363	-3103	-0.50
9366	-3104	-0.33
9369	-3105	-0.33
9372	-3106	-0.33
9375	-3107	-0.33
9377	-3108	-0.50
9380	-3109	-0.33
9383	-3110	-0.33
9387	-3111	-0.25
9390	-3112	-0.33
9393	-3113	-0.33
9396	-3114	-0.33
9398	-3115	-0.50
9401	-3116	-0.33
9404	-3117	-0.33
9407	-3118	-0.33
9410	-3119	-0.33
9412	-3120	-0.50
9415	-3121	-0.33
9418	-3122	-0.33
9421	-3123	-0.33
9424	-3124	-0.33
9427	-3125	-0.33
9430	-3126	-0.33
9433	-3127	-0.33
9436	-3128	-0.33
9439	-3129	-0.33
9442	-3130	-0.33
9444	-3131	-0.50
9447	-3132	-0.33
9450	-3133	-0.33
9453	-3134	-0.33
9456	-3135	-0.33
9459	-3136	-0.33
9462	-3137	-0.33
9464	-3138	-0.50
9467	-3139	-0.33
9470	-3140	-0.33
9474	-3141	-0.25
9477	-3142	-0.33
9479	-3143	-0.50
9482	-3144	-0.33
9485	-3145	-0.33
9488	-3146	-0.33
9491	-3147	-0.33
9494	-3148	-0.33
9496	-3149	-0.50
9499	-3150	-0.33
9502	-3151	-0.33
9505	-3152	-0.33
9508	-3153	-0.33
9510	-3154	-0.50
9513	-3155	-0.33
9517	-3156	-0.25
9520	-3157	-0.33
9523	-3158	-0.33
9526	-3159	-0.33
9529	-3160	-0.33
9531	-3161	-0.50
9534	-3162	-0.33
9537	-3163	-0.33
9540	-3164	-0.33
9543	-3165	-0.33
9545	-3166	-0.50
9548	-3167	-0.33
9551	-3168	-0.33
9554	-3169	-0.33
9558	-3170	-0.25
9561	-3171	-0.33
9564	-3172	-0.33
9566	-3173	-0.50
9569	-3174	-0.33
9572	-3175	-0.33
9575	-3176	-0.33
9578	-3177	-0.33
9580	-3178	-0.50
9583	-3179	-0.33
9586	-3180	-0.33
9589	-3181	-0.33
9592	-3182	-0.33
9595	-3183	-0.33
9598	-3184	-0.33
9601	-3185	-0.33
9604	-3186	-0.33
9607	-3187	-0.33
9610	-3188	-0.33
9613	-3189	-0.33
9615	-3190	-0.50
9618	-3191	-0.33
9621	-3192	-0.33
9624	-3193	-0.33
9627	-3194	-0.33
9630	-3195	-0.33
9633	-3196	-0.33
9635	-3197	-0.50
9638	-3198	-0.33
9641	-3199	-0.33
9645	-3200	-0.25
9648	-3201	-0.33
9650	-3202	-0.50
9653	-3203	-0.33
9656	-3204	-0.33
9659	-3205	-0.33
9662	-3206	-0.33
9665	-3207	-0.33
9668	-3208	-0.33
9670	-3209	-0.50
9673	-3210	-0.33
9676	-3211	-0.33
9679	-3212	-0.33
9682	-3213	-0.33
9684	-3214	-0.50
9688	-3215	-0.25
9691	-3216	-0.33
9694	-3217	-0.33
9697	-3218	-0.33
9700	-3219	-0.33
9703	-3220	-0.33
9705	-3221	-0.50
9708	-3222	-0.33
9711	-3223	-0.33
9714	-3224	-0.33
9717	-3225	-0.33
9719	-3226	-0.50
9722	-3227	-0.33
9725	-3228	-0.33
9729	-3229	-0.25
9732	-3230	-0.33
9735	-3231	-0.33
9738	-3232	-0.33
9740	-3233	-0.50
9743	-3234	-0.33
9746	-3235	-0.33
9749	-3236	-0.33
9752	-3237	-0.33
9754	-3238	-0.50
9757	-3239	-0.33
9760	-3240	-0.33
9763	-3241	-0.33
9766	-3242	-0.33
9769	-3243	-0.33
9772	-3244	-0.33
9775	-3245	-0.33
9778	-3246	-0.33
9781	-3247	-0.33
9784	-3248	-0.33
9787	-3249	-0.33
9789	-3250	-0.50
9792	-3251	-0.33
9795	-3252	-0.33
9798	-3253	-0.33
9801	-3254	-0.33
9804	-3255	-0.33
9806	-3256	-0.50
9809	-3257	-0.33
9812	-3258	-0.33
9816	-3259	-0.25
9819	-3260	-0.33
9821	-3261	-0.50
9824	-3262	-0.33
9827	-3263	-0.33
9830	-3264	-0.33
9833	-3265	-0.33
9836	-3266	-0.33
9838	-3267	-0.50
9841	-3268	-0.33
9844	-3269	-0.33
9847	-3270	-0.33
9850	-3271	-0.33
9853	-3272	-0.33
9856	-3273	-0.33
9859	-3274	-0.33
9862	-3275	-0.33
9865	-3276	-0.33
9868	-3277	-0.33
9870	-3278	-0.50
9873	-3279	-0.33
9876	-3280	-0.33
9879	-3281	-0.33
9882	-3282	-0.33
9885	-3283	-0.33
9887	-3284	-0.50
9890	-3285	-0.33
9893	-3286	-0.33
9896	-3287	-0.33
9900	-3288	-0.25
9903	-3289	-0.33
9905	-3290	-0.50
9908	-3291	-0.33
9911	-3292	-0.33
9914	-3293	-0.33
9917	-3294	-0.33
9920	-3295	-0.33
9922	-3296	-0.50
9925	-3297	-0.33
9928	-3298	-0.33
9931	-3299	-0.33
9934	-3300	-0.33
9936	-3301	-0.50
9939	-3302	-0.33
9943	-3303	-0.25
9946	-3304	-0.33
9949	-3305	-0.33
9952	-3306	-0.33
9954	-3307	-0.50
9957	-3308	-0.33
9960	-3309	-0.33
9963	-3310	-0.33
9966	-3311	-0.33
9969	-3312	-0.33
9971	-3313	-0.50
9974	-3314	-0.33
9977	-3315	-0.33
9980	-3316	-0.33
9984	-3317	-0.25
9987	-3318	-0.33
9989	-3319	-0.50
9992	-3320	-0.33
9995	-3321	-0.33
9998	-3322	-0.33
