21	1	0.05
30	2	0.11
37	3	0.14
45	4	0.12
51	5	0.17
56	6	0.20
61	7	0.20
67	8	0.17
71	9	0.25
76	10	0.20
81	11	0.20
87	12	0.17
91	13	0.25
95	14	0.25
100	15	0.20
104	16	0.25
108	17	0.25
112	18	0.25
116	19	0.25
120	20	0.25
124	21	0.25
129	22	0.20
133	23	0.25
137	24	0.25
141	25	0.25
145	26	0.25
149	27	0.25
153	28	0.25
156	29	0.33
160	30	0.25
164	31	0.25
168	32	0.25
173	33	0.20
177	34	0.25
180	35	0.33
184	36	0.25
188	37	0.25
192	38	0.25
196	39	0.25
199	40	0.33
203	41	0.25
207	42	0.25
210	43	0.33
215	44	0.20
219	45	0.25
222	46	0.33
226	47	0.25
230	48	0.25
234	49	0.25
237	50	0.33
241	51	0.25
244	52	0.33
248	53	0.25
252	54	0.25
256	55	0.25
260	56	0.25
264	57	0.25
267	58	0.33
271	59	0.25
275	60	0.25
278	61	0.33
282	62	0.25
285	63	0.33
289	64	0.25
293	65	0.25
296	66	0.33
301	67	0.20
304	68	0.33
308	69	0.25
312	70	0.25
315	71	0.33
319	72	0.25
322	73	0.33
326	74	0.25
329	75	0.33
333	76	0.25
336	77	0.33
340	78	0.25
345	79	0.20
348	80	0.33
352	81	0.25
355	82	0.33
359	83	0.25
363	84	0.25
366	85	0.33
370	86	0.25
373	87	0.33
377	88	0.25
380	89	0.33
385	90	0.20
388	91	0.33
392	92	0.25
395	93	0.33
399	94	0.25
403	95	0.25
406	96	0.33
410	97	0.25
413	98	0.33
417	99	0.25
420	100	0.33
424	101	0.25
428	102	0.25
432	103	0.25
435	104	0.33
439	105	0.25
442	106	0.33
446	107	0.25
449	108	0.33
453	109	0.25
456	110	0.33
460	111	0.25
463	112	0.33
467	113	0.25
471	114	0.25
475	115	0.25
479	116	0.25
482	117	0.33
486	118	0.25
489	119	0.33
493	120	0.25
496	121	0.33
500	122	0.25
503	123	0.33
507	124	0.25
510	125	0.33
515	126	0.20
518	127	0.33
522	128	0.25
525	129	0.33
529	130	0.25
533	131	0.25
536	132	0.33
540	133	0.25
543	134	0.33
547	135	0.25
550	136	0.33
555	137	0.20
558	138	0.33
562	139	0.25
565	140	0.33
569	141	0.25
572	142	0.33
576	143	0.25
580	144	0.25
583	145	0.33
587	146	0.25
590	147	0.33
594	148	0.25
598	149	0.25
602	150	0.25
605	151	0.33
609	152	0.25
612	153	0.33
616	154	0.25
619	155	0.33
623	156	0.25
627	157	0.25
630	158	0.33
634	159	0.25
637	160	0.33
642	161	0.20
645	162	0.33
649	163	0.25
652	164	0.33
656	165	0.25
659	166	0.33
663	167	0.25
667	168	0.25
670	169	0.33
674	170	0.25
677	171	0.33
681	172	0.25
685	173	0.25
689	174	0.25
692	175	0.33
696	176	0.25
699	177	0.33
703	178	0.25
706	179	0.33
710	180	0.25
714	181	0.25
717	182	0.33
721	183	0.25
724	184	0.33
728	185	0.25
732	186	0.25
736	187	0.25
739	188	0.33
743	189	0.25
746	190	0.33
750	191	0.25
753	192	0.33
757	193	0.25
760	194	0.33
764	195	0.25
768	196	0.25
772	197	0.25
775	198	0.33
779	199	0.25
782	200	0.33
786	201	0.25
789	202	0.33
793	203	0.25
797	204	0.25
800	205	0.33
804	206	0.25
807	207	0.33
812	208	0.20
815	209	0.33
819	210	0.25
822	211	0.33
826	212	0.25
829	213	0.33
833	214	0.25
837	215	0.25
840	216	0.33
844	217	0.25
847	218	0.33
851	219	0.25
855	220	0.25
859	221	0.25
862	222	0.33
866	223	0.25
870	224	0.25
873	225	0.33
877	226	0.25
880	227	0.33
884	228	0.25
887	229	0.33
891	230	0.25
894	231	0.33
899	232	0.20
902	233	0.33
906	234	0.25
909	235	0.33
913	236	0.25
917	237	0.25
920	238	0.33
924	239	0.25
927	240	0.33
931	241	0.25
934	242	0.33
939	243	0.20
942	244	0.33
946	245	0.25
949	246	0.33
953	247	0.25
957	248	0.25
960	249	0.33
964	250	0.25
967	251	0.33
971	252	0.25
974	253	0.33
978	254	0.25
982	255	0.25
986	256	0.25
989	257	0.33
993	258	0.25
996	259	0.33
1000	260	0.25
1004	261	0.25
1007	262	0.33
1011	263	0.25
1014	264	0.33
1018	265	0.25
1021	266	0.33
1026	267	0.20
1029	268	0.33
1033	269	0.25
1037	270	0.25
1040	271	0.33
1044	272	0.25
1047	273	0.33
1051	274	0.25
1055	275	0.25
1058	276	0.33
1062	277	0.25
1065	278	0.33
1070	279	0.20
1073	280	0.33
1077	281	0.25
1080	282	0.33
1084	283	0.25
1087	284	0.33
1091	285	0.25
1095	286	0.25
1098	287	0.33
1102	288	0.25
1105	289	0.33
1110	290	0.20
1113	291	0.33
1117	292	0.25
1120	293	0.33
1124	294	0.25
1127	295	0.33
1131	296	0.25
1134	297	0.33
1138	298	0.25
1142	299	0.25
1145	300	0.33
1149	301	0.25
1153	302	0.25
1157	303	0.25
1160	304	0.33
1164	305	0.25
1167	306	0.33
1171	307	0.25
1174	308	0.33
1178	309	0.25
1182	310	0.25
1185	311	0.33
1189	312	0.25
1192	313	0.33
1197	314	0.20
1200	315	0.33
1204	316	0.25
1207	317	0.33
1211	318	0.25
1214	319	0.33
1218	320	0.25
1221	321	0.33
1225	322	0.25
1229	323	0.25
1232	324	0.33
1236	325	0.25
1240	326	0.25
1244	327	0.25
1247	328	0.33
1251	329	0.25
1254	330	0.33
1258	331	0.25
1261	332	0.33
1265	333	0.25
1268	334	0.33
1272	335	0.25
1275	336	0.33
1280	337	0.20
1283	338	0.33
1287	339	0.25
1290	340	0.33
1294	341	0.25
1298	342	0.25
1301	343	0.33
1305	344	0.25
1308	345	0.33
1312	346	0.25
1315	347	0.33
1319	348	0.25
1323	349	0.25
1327	350	0.25
1330	351	0.33
1334	352	0.25
1337	353	0.33
1341	354	0.25
1344	355	0.33
1348	356	0.25
1352	357	0.25
1355	358	0.33
1359	359	0.25
1362	360	0.33
1367	361	0.20
1370	362	0.33
1374	363	0.25
1377	364	0.33
1381	365	0.25
1384	366	0.33
1388	367	0.25
1391	368	0.33
1395	369	0.25
1398	370	0.33
1402	371	0.25
1406	372	0.25
1410	373	0.25
1414	374	0.25
1417	375	0.33
1420	376	0.33
1424	377	0.25
1428	378	0.25
1431	379	0.33
1435	380	0.25
1438	381	0.33
1442	382	0.25
1445	383	0.33
1449	384	0.25
1453	385	0.25
1457	386	0.25
1460	387	0.33
1464	388	0.25
1467	389	0.33
1471	390	0.25
1475	391	0.25
1478	392	0.33
1482	393	0.25
1485	394	0.33
1489	395	0.25
1492	396	0.33
1497	397	0.20
1500	398	0.33
1504	399	0.25
1507	400	0.33
1511	401	0.25
1514	402	0.33
1518	403	0.25
1521	404	0.33
1525	405	0.25
1528	406	0.33
1532	407	0.25
1537	408	0.20
1540	409	0.33
1544	410	0.25
1547	411	0.33
1550	412	0.33
1554	413	0.25
1557	414	0.33
1561	415	0.25
1564	416	0.33
1568	417	0.25
1572	418	0.25
1575	419	0.33
1580	420	0.20
1583	421	0.33
1587	422	0.25
1590	423	0.33
1594	424	0.25
1597	425	0.33
1601	426	0.25
1604	427	0.33
1608	428	0.25
1611	429	0.33
1615	430	0.25
1618	431	0.33
1623	432	0.20
1626	433	0.33
1630	434	0.25
1633	435	0.33
1636	436	0.33
1640	437	0.25
1643	438	0.33
1647	439	0.25
1650	440	0.33
1654	441	0.25
1658	442	0.25
1661	443	0.33
1666	444	0.20
1669	445	0.33
1673	446	0.25
1676	447	0.33
1679	448	0.33
1683	449	0.25
1686	450	0.33
1690	451	0.25
1693	452	0.33
1697	453	0.25
1701	454	0.25
1704	455	0.33
1709	456	0.20
1712	457	0.33
1716	458	0.25
1719	459	0.33
1723	460	0.25
1726	461	0.33
1730	462	0.25
1733	463	0.33
1737	464	0.25
1740	465	0.33
1744	466	0.25
1747	467	0.33
1752	468	0.20
1756	469	0.25
1759	470	0.33
1762	471	0.33
1766	472	0.25
1769	473	0.33
1773	474	0.25
1777	475	0.25
1780	476	0.33
1784	477	0.25
1787	478	0.33
1792	479	0.20
1795	480	0.33
1799	481	0.25
1802	482	0.33
1806	483	0.25
1809	484	0.33
1813	485	0.25
1816	486	0.33
1820	487	0.25
1823	488	0.33
1827	489	0.25
1830	490	0.33
1835	491	0.20
1839	492	0.25
1842	493	0.33
1845	494	0.33
1849	495	0.25
1852	496	0.33
1856	497	0.25
1860	498	0.25
1863	499	0.33
1867	500	0.25
1870	501	0.33
1874	502	0.25
1878	503	0.25
1882	504	0.25
1885	505	0.33
1889	506	0.25
1892	507	0.33
1896	508	0.25
1899	509	0.33
1903	510	0.25
1906	511	0.33
1910	512	0.25
1913	513	0.33
1917	514	0.25
1921	515	0.25
1925	516	0.25
1928	517	0.33
1932	518	0.25
1935	519	0.33
1939	520	0.25
1942	521	0.33
1946	522	0.25
1950	523	0.25
1953	524	0.33
1957	525	0.25
1960	526	0.33
1965	527	0.20
1968	528	0.33
1972	529	0.25
1975	530	0.33
1979	531	0.25
1982	532	0.33
1986	533	0.25
1989	534	0.33
1993	535	0.25
1996	536	0.33
2000	537	0.25
2003	538	0.33
2008	539	0.20
2011	540	0.33
2015	541	0.25
2018	542	0.33
2022	543	0.25
2025	544	0.33
2029	545	0.25
2032	546	0.33
2036	547	0.25
2039	548	0.33
2043	549	0.25
2046	550	0.33
2051	551	0.20
2055	552	0.25
2058	553	0.33
2062	554	0.25
2065	555	0.33
2069	556	0.25
2072	557	0.33
2076	558	0.25
2079	559	0.33
2083	560	0.25
2086	561	0.33
2091	562	0.20
2094	563	0.33
2098	564	0.25
2101	565	0.33
2105	566	0.25
2108	567	0.33
2112	568	0.25
2115	569	0.33
2119	570	0.25
2122	571	0.33
2126	572	0.25
2129	573	0.33
2134	574	0.20
2137	575	0.33
2141	576	0.25
2144	577	0.33
2148	578	0.25
2151	579	0.33
2155	580	0.25
2158	581	0.33
2162	582	0.25
2165	583	0.33
2169	584	0.25
2172	585	0.33
2177	586	0.20
2181	587	0.25
2184	588	0.33
2188	589	0.25
2191	590	0.33
2195	591	0.25
2198	592	0.33
2202	593	0.25
2205	594	0.33
2209	595	0.25
2212	596	0.33
2216	597	0.25
2220	598	0.25
2224	599	0.25
2228	600	0.25
2231	601	0.33
2235	602	0.25
2238	603	0.33
2242	604	0.25
2245	605	0.33
2249	606	0.25
2252	607	0.33
2256	608	0.25
2259	609	0.33
2264	610	0.20
2267	611	0.33
2271	612	0.25
2275	613	0.25
2278	614	0.33
2281	615	0.33
2285	616	0.25
2288	617	0.33
2292	618	0.25
2296	619	0.25
2299	620	0.33
2304	621	0.20
2307	622	0.33
2311	623	0.25
2314	624	0.33
2318	625	0.25
2321	626	0.33
2325	627	0.25
2328	628	0.33
2332	629	0.25
2335	630	0.33
2339	631	0.25
2342	632	0.33
2347	633	0.20
2350	634	0.33
2354	635	0.25
2358	636	0.25
2361	637	0.33
2365	638	0.25
2368	639	0.33
2371	640	0.33
2375	641	0.25
2379	642	0.25
2382	643	0.33
2386	644	0.25
2390	645	0.25
2394	646	0.25
2397	647	0.33
2401	648	0.25
2404	649	0.33
2408	650	0.25
2411	651	0.33
2415	652	0.25
2418	653	0.33
2422	654	0.25
2425	655	0.33
2429	656	0.25
2433	657	0.25
2437	658	0.25
2441	659	0.25
2444	660	0.33
2448	661	0.25
2451	662	0.33
2455	663	0.25
2458	664	0.33
2462	665	0.25
2465	666	0.33
2469	667	0.25
2472	668	0.33
2477	669	0.20
2480	670	0.33
2484	671	0.25
2488	672	0.25
2491	673	0.33
2495	674	0.25
2498	675	0.33
2501	676	0.33
2505	677	0.25
2509	678	0.25
2512	679	0.33
2516	680	0.25
2520	681	0.25
2524	682	0.25
2527	683	0.33
2531	684	0.25
2534	685	0.33
2538	686	0.25
2541	687	0.33
2545	688	0.25
2548	689	0.33
2552	690	0.25
2555	691	0.33
2560	692	0.20
2563	693	0.33
2567	694	0.25
2571	695	0.25
2574	696	0.33
2578	697	0.25
2581	698	0.33
2585	699	0.25
2588	700	0.33
2592	701	0.25
2595	702	0.33
2599	703	0.25
2603	704	0.25
2607	705	0.25
2610	706	0.33
2614	707	0.25
2617	708	0.33
2621	709	0.25
2624	710	0.33
2628	711	0.25
2631	712	0.33
2635	713	0.25
2638	714	0.33
2642	715	0.25
2646	716	0.25
2650	717	0.25
2653	718	0.33
2657	719	0.25
2661	720	0.25
2664	721	0.33
2668	722	0.25
2671	723	0.33
2674	724	0.33
2678	725	0.25
2681	726	0.33
2685	727	0.25
2689	728	0.25
2693	729	0.25
2697	730	0.25
2700	731	0.33
2704	732	0.25
2707	733	0.33
2711	734	0.25
2714	735	0.33
2717	736	0.33
2721	737	0.25
2724	738	0.33
2728	739	0.25
2732	740	0.25
2736	741	0.25
2739	742	0.33
2743	743	0.25
2746	744	0.33
2750	745	0.25
2753	746	0.33
2757	747	0.25
2760	748	0.33
2764	749	0.25
2767	750	0.33
2771	751	0.25
2775	752	0.25
2779	753	0.25
2782	754	0.33
2786	755	0.25
2789	756	0.33
2793	757	0.25
2796	758	0.33
2800	759	0.25
2803	760	0.33
2807	761	0.25
2810	762	0.33
2814	763	0.25
2818	764	0.25
2822	765	0.25
2825	766	0.33
2829	767	0.25
2833	768	0.25
2836	769	0.33
2840	770	0.25
2843	771	0.33
2846	772	0.33
2850	773	0.25
2854	774	0.25
2857	775	0.33
2862	776	0.20
2865	777	0.33
2869	778	0.25
2872	779	0.33
2876	780	0.25
2879	781	0.33
2883	782	0.25
2886	783	0.33
2890	784	0.25
2893	785	0.33
2897	786	0.25
2900	787	0.33
2905	788	0.20
2908	789	0.33
2912	790	0.25
2916	791	0.25
2919	792	0.33
2923	793	0.25
2926	794	0.33
2930	795	0.25
2933	796	0.33
2936	797	0.33
2940	798	0.25
2945	799	0.20
2948	800	0.33
2952	801	0.25
2955	802	0.33
2959	803	0.25
2962	804	0.33
2966	805	0.25
2969	806	0.33
2973	807	0.25
2976	808	0.33
2980	809	0.25
2983	810	0.33
2988	811	0.20
2991	812	0.33
2995	813	0.25
2998	814	0.33
3002	815	0.25
3005	816	0.33
3009	817	0.25
3012	818	0.33
3016	819	0.25
3019	820	0.33
3023	821	0.25
3026	822	0.33
3031	823	0.20
3034	824	0.33
3038	825	0.25
3041	826	0.33
3045	827	0.25
3048	828	0.33
3052	829	0.25
3055	830	0.33
3059	831	0.25
3062	832	0.33
3065	833	0.33
3069	834	0.25
3073	835	0.25
3077	836	0.25
3080	837	0.33
3084	838	0.25
3087	839	0.33
3091	840	0.25
3094	841	0.33
3098	842	0.25
3101	843	0.33
3105	844	0.25
3108	845	0.33
3112	846	0.25
3116	847	0.25
3120	848	0.25
3123	849	0.33
3127	850	0.25
3130	851	0.33
3134	852	0.25
3137	853	0.33
3141	854	0.25
3144	855	0.33
3148	856	0.25
3151	857	0.33
3155	858	0.25
3159	859	0.25
3163	860	0.25
3166	861	0.33
3170	862	0.25
3174	863	0.25
3177	864	0.33
3181	865	0.25
3184	866	0.33
3188	867	0.25
3191	868	0.33
3195	869	0.25
3198	870	0.33
3203	871	0.20
3206	872	0.33
3210	873	0.25
3213	874	0.33
3217	875	0.25
3220	876	0.33
3224	877	0.25
3227	878	0.33
3231	879	0.25
3234	880	0.33
3238	881	0.25
3241	882	0.33
3246	883	0.20
3249	884	0.33
3253	885	0.25
3256	886	0.33
3260	887	0.25
3264	888	0.25
3267	889	0.33
3270	890	0.33
3274	891	0.25
3277	892	0.33
3281	893	0.25
3284	894	0.33
3289	895	0.20
3292	896	0.33
3296	897	0.25
3299	898	0.33
3303	899	0.25
3306	900	0.33
3310	901	0.25
3313	902	0.33
3317	903	0.25
3320	904	0.33
3324	905	0.25
3328	906	0.25
3332	907	0.25
3335	908	0.33
3339	909	0.25
3342	910	0.33
3346	911	0.25
3349	912	0.33
3353	913	0.25
3356	914	0.33
3360	915	0.25
3363	916	0.33
3367	917	0.25
3371	918	0.25
3375	919	0.25
3378	920	0.33
3382	921	0.25
3385	922	0.33
3389	923	0.25
3392	924	0.33
3396	925	0.25
3399	926	0.33
3403	927	0.25
3406	928	0.33
3409	929	0.33
3414	930	0.20
3417	931	0.33
3421	932	0.25
3424	933	0.33
3428	934	0.25
3432	935	0.25
3435	936	0.33
3439	937	0.25
3442	938	0.33
3445	939	0.33
3449	940	0.25
3452	941	0.33
3457	942	0.20
3460	943	0.33
3464	944	0.25
3467	945	0.33
3471	946	0.25
3474	947	0.33
3478	948	0.25
3481	949	0.33
3485	950	0.25
3488	951	0.33
3492	952	0.25
3495	953	0.33
3500	954	0.20
3503	955	0.33
3507	956	0.25
3510	957	0.33
3514	958	0.25
3517	959	0.33
3521	960	0.25
3524	961	0.33
3528	962	0.25
3531	963	0.33
3534	964	0.33
3538	965	0.25
3542	966	0.25
3546	967	0.25
3549	968	0.33
3553	969	0.25
3556	970	0.33
3560	971	0.25
3563	972	0.33
3567	973	0.25
3570	974	0.33
3574	975	0.25
3577	976	0.33
3581	977	0.25
3585	978	0.25
3589	979	0.25
3592	980	0.33
3596	981	0.25
3599	982	0.33
3603	983	0.25
3606	984	0.33
3610	985	0.25
3613	986	0.33
3617	987	0.25
3620	988	0.33
3623	989	0.33
3628	990	0.20
3632	991	0.25
3635	992	0.33
3638	993	0.33
3642	994	0.25
3646	995	0.25
3649	996	0.33
3653	997	0.25
3656	998	0.33
3659	999	0.33
3663	1000	0.25
3666	1001	0.33
3671	1002	0.20
3674	1003	0.33
3678	1004	0.25
3681	1005	0.33
3685	1006	0.25
3689	1007	0.25
3692	1008	0.33
3696	1009	0.25
3699	1010	0.33
3703	1011	0.25
3706	1012	0.33
3709	1013	0.33
3714	1014	0.20
3717	1015	0.33
3721	1016	0.25
3724	1017	0.33
3728	1018	0.25
3732	1019	0.25
3735	1020	0.33
3739	1021	0.25
3742	1022	0.33
3745	1023	0.33
3749	1024	0.25
3752	1025	0.33
3757	1026	0.20
3760	1027	0.33
3764	1028	0.25
3767	1029	0.33
3771	1030	0.25
3774	1031	0.33
3778	1032	0.25
3781	1033	0.33
3785	1034	0.25
3788	1035	0.33
3792	1036	0.25
3795	1037	0.33
3800	1038	0.20
3803	1039	0.33
3807	1040	0.25
3810	1041	0.33
3814	1042	0.25
3817	1043	0.33
3821	1044	0.25
3824	1045	0.33
3828	1046	0.25
3831	1047	0.33
3835	1048	0.25
3838	1049	0.33
3843	1050	0.20
3846	1051	0.33
3850	1052	0.25
3853	1053	0.33
3857	1054	0.25
3860	1055	0.33
3864	1056	0.25
3867	1057	0.33
3871	1058	0.25
3874	1059	0.33
3878	1060	0.25
3881	1061	0.33
3886	1062	0.20
3889	1063	0.33
3893	1064	0.25
3896	1065	0.33
3900	1066	0.25
3903	1067	0.33
3907	1068	0.25
3910	1069	0.33
3914	1070	0.25
3917	1071	0.33
3921	1072	0.25
3924	1073	0.33
3929	1074	0.20
3932	1075	0.33
3936	1076	0.25
3939	1077	0.33
3943	1078	0.25
3946	1079	0.33
3950	1080	0.25
3953	1081	0.33
3957	1082	0.25
3960	1083	0.33
3963	1084	0.33
3968	1085	0.20
3971	1086	0.33
3975	1087	0.25
3978	1088	0.33
3982	1089	0.25
3985	1090	0.33
3989	1091	0.25
3993	1092	0.25
3996	1093	0.33
3999	1094	0.33
4003	1095	0.25
